0.4	0.0084	0.0061	0	0	0	0	0	0	0	0	0	0	0	0	0	0	0	0	0	0	0	0	0	0	0
0.402	0.0089	0.0058	0	0	0	0	0	0	0	0	0	0	0	0	0	0	0	0	0	0	0	0	0	0	0
0.404	0.0095	0.0055	0	0	0	0	0	0	0	0	0	0	0	0	0	0	0	0	0	0	0	0	0	0	0
0.406	0.0107	0.0051	0	0	0	0	0	0	0	0	0	0	0	0	0	0	0	0	0	0	0	0	0	0	0
0.408	0.0129	0.0047	0	0	0	0	0	0	0	0	0	0	0	0	0	0	0	0	0	0	0	0	0	0	0
0.41	0.0143	0.0064	0	0	0	0	0	0	0	0	0	0	0	0	0	0	0	0	0	0	0	0	0	0	0
0.412	0.0189	0.006	0	0	0	0	0	0	0	0	0	0	0	0	0	0	0	0	0	0	0	0	0	0	0
0.414	0.0213	0.0057	0	0	0	0	0	0	0	0	0	0	0	0	0	0	0	0	0	0	0	0	0	0	0
0.416	0.0252	0.0054	0	0	0	0	0	0	0	0	0	0	0	0	0	0	0	0	0	0	0	0	0	0	0
0.418	0.0307	0.0051	0	0	0	0	0	0	0	0	0	0	0	0	0	0	0	0	0	0	0	0	0	0	0
0.42	0.0416	0.009	0	0	0	0	0	0	0	0	0	0	0	0	0	0	0	0	0	0	0	0	0	0	0
0.422	0.0587	0.0086	0	0	0	0	0	0	0	0	0	0	0	0	0	0	0	0	0	0	0	0	0	0	0
0.424	0.0797	0.0083	0	0	0	0	0	0	0	0	0	0	0	0	0	0	0	0	0	0	0	0	0	0	0
0.426	0.1024	0.009	0	0	0	0	0	0	0	0	0	0	0	0	0	0	0	0	0	0	0	0	0	0	0
0.428	0.1337	0.0087	0	0	0	0	0	0	0	0	0	0	0	0	0	0	0	0	0	0	0	0	0	0	0
0.43	0.1712	0.0094	0	0	0	0	0	0	0	0	0	0	0	0	0	0	0	0	0	0	0	0	0	0	0
0.432	0.2176	0.0105	0	0	0	0	0	0	0	0	0	0	0	0	0	0	0	0	0	0	0	0	0	0	0
0.434	0.266	0.0101	0	0	0	0	0	0	0	0	0	0	0	0	0	0	0	0	0	0	0	0	0	0	0
0.436	0.3191	0.0122	0	0	0	0	0	0	0	0	0	0	0	0	0	0	0	0	0	0	0	0	0	0	0
0.438	0.3786	0.0131	0	0	0	0	0	0	0	0	0	0	0	0	0	0	0	0	0	0	0	0	0	0	0
0.44	0.4417	0.0135	0	0	0	0	0	0	0	0	0	0	0	0	0	0	0	0	0	0	0	0	0	0	0
0.442	0.5102	0.0141	0	0	0	0	0	0	0	0	0	0	0	0	0	0	0	0	0	0	0	0	0	0	0
0.444	0.581	0.0152	0	0	0	0	0	0	0	0	0	0	0	0	0	0	0	0	0	0	0	0	0	0	0
0.446	0.6548	0.0159	0	0	0	0	0	0	0	0	0	0	0	0	0	0	0	0	0	0	0	0	0	0	0
0.448	0.7306	0.0172	0	0	0	0	0	0	0	0	0	0	0	0	0	0	0	0	0	0	0	0	0	0	0
0.45	0.8002	0.0184	0.01	0	0	0	0	0	0	0	0	0	0	0	0	0	0	0	0	0	0	0	0	0	0
0.452	0.859	0.0203	0.0096	0	0	0	0	0	0	0	0	0	0	0	0	0	0	0	0	0	0	0	0	0	0
0.454	0.8995	0.0233	0.0092	0	0	0	0	0	0	0	0	0	0	0	0	0	0	0	0	0	0	0	0	0	0
0.456	0.9371	0.0254	0.0089	0	0	0	0	0	0	0	0	0	0	0	0	0	0	0	0	0	0	0	0	0	0
0.458	0.9653	0.0292	0.0101	0	0	0	0	0	0	0	0	0	0	0	0	0	0	0	0	0	0	0	0	0	0
0.46	0.9819	0.0327	0.0096	0	0	0	0	0	0	0	0	0	0	0	0	0	0	0	0	0	0	0	0	0	0
0.462	1	0.0432	0.0093	0	0	0	0	0	0	0	0	0	0	0	0	0	0	0	0	0	0	0	0	0	0
0.464	0.9974	0.0665	0.0103	0	0	0	0	0	0	0	0	0	0	0	0	0	0	0	0	0	0	0	0	0	0
0.466	0.9843	0.0986	0.0099	0	0	0	0	0	0	0	0	0	0	0	0	0	0	0	0	0	0	0	0	0	0
0.468	0.9596	0.1375	0.0096	0	0	0	0	0	0	0	0	0	0	0	0	0	0	0	0	0	0	0	0	0	0
0.47	0.9262	0.1818	0.0116	0.0041	0	0	0	0	0	0	0	0	0	0	0	0	0	0	0	0	0	0	0	0	0
0.472	0.885	0.2343	0.0113	0.0058	0	0	0	0	0	0	0	0	0	0	0	0	0	0	0	0	0	0	0	0	0
0.474	0.829	0.2956	0.0131	0.0055	0	0	0	0	0	0	0	0	0	0	0	0	0	0	0	0	0	0	0	0	0
0.476	0.758	0.3654	0.0127	0.0052	0	0	0	0	0	0	0	0	0	0	0	0	0	0	0	0	0	0	0	0	0
0.478	0.6873	0.4336	0.0123	0.005	0	0	0	0	0	0	0	0	0	0	0	0	0	0	0	0	0	0	0	0	0
0.48	0.6124	0.5007	0.0129	0.0048	0	0	0	0	0	0	0	0	0	0	0	0	0	0	0	0	0	0	0	0	0
0.482	0.5417	0.5693	0.0145	0.0047	0	0	0	0	0	0	0	0	0	0	0	0	0	0	0	0	0	0	0	0	0
0.484	0.4652	0.6408	0.0151	0.009	0	0	0	0	0	0	0	0	0	0	0	0	0	0	0	0	0	0	0	0	0
0.486	0.3853	0.7137	0.0147	0.0044	0	0	0	0	0	0	0	0	0	0	0	0	0	0	0	0	0	0	0	0	0
0.488	0.305	0.7806	0.0161	0.0084	0	0	0	0	0	0	0	0	0	0	0	0	0	0	0	0	0	0	0	0	0
0.49	0.2321	0.8414	0.0182	0.0081	0	0	0	0	0	0	0	0	0	0	0	0	0	0	0	0	0	0	0	0	0
0.492	0.1704	0.8977	0.0178	0.0079	0	0	0	0	0	0	0	0	0	0	0	0	0	0	0	0	0	0	0	0	0
0.494	0.1164	0.939	0.0182	0.0077	0	0	0	0	0	0	0	0	0	0	0	0	0	0	0	0	0	0	0	0	0
0.496	0.0718	0.9755	0.021	0.0075	0	0	0	0	0	0	0	0	0	0	0	0	0	0	0	0	0	0	0	0	0
0.498	0.0442	0.9932	0.0221	0.0085	0	0	0	0	0	0	0	0	0	0	0	0	0	0	0	0	0	0	0	0	0
0.5	0.0331	0.9964	0.0245	0.0083	0.0017	0	0	0	0	0	0	0	0	0	0	0	0	0	0	0	0	0	0	0	0
0.502	0.0283	0.9997	0.0278	0.0081	0.0028	0	0	0	0	0	0	0	0	0	0	0	0	0	0	0	0	0	0	0	0
0.504	0.0244	1	0.0314	0.0078	0.0016	0	0	0	0	0	0	0	0	0	0	0	0	0	0	0	0	0	0	0	0
0.506	0.0211	0.9911	0.0429	0.0087	0.0016	0	0	0	0	0	0	0	0	0	0	0	0	0	0	0	0	0	0	0	0
0.508	0.0188	0.9719	0.0678	0.0085	0.0015	0	0	0	0	0	0	0	0	0	0	0	0	0	0	0	0	0	0	0	0
0.51	0.0169	0.9397	0.1025	0.0083	0.0025	0	0	0	0	0	0	0	0	0	0	0	0	0	0	0	0	0	0	0	0
0.512	0.015	0.9056	0.1415	0.0102	0.0025	0	0	0	0	0	0	0	0	0	0	0	0	0	0	0	0	0	0	0	0
0.514	0.0135	0.8594	0.1884	0.0119	0.0014	0	0	0	0	0	0	0	0	0	0	0	0	0	0	0	0	0	0	0	0
0.516	0.0121	0.8069	0.2443	0.0117	0.0023	0	0	0	0	0	0	0	0	0	0	0	0	0	0	0	0	0	0	0	0
0.518	0.0109	0.7404	0.3094	0.0114	0.0023	0	0	0	0	0	0	0	0	0	0	0	0	0	0	0	0	0	0	0	0
0.52	0.0099	0.6726	0.3762	0.0121	0.0013	0	0	0	0	0	0	0	0	0	0	0	0	0	0	0	0	0	0	0	0
0.522	0.0091	0.6013	0.4465	0.0118	0.0022	0	0	0	0	0	0	0	0	0	0	0	0	0	0	0	0	0	0	0	0
0.524	0.0085	0.5309	0.5123	0.0133	0.0021	0	0	0	0	0	0	0	0	0	0	0	0	0	0	0	0	0	0	0	0
0.526	0.0079	0.4629	0.5812	0.0139	0.0021	0	0	0	0	0	0	0	0	0	0	0	0	0	0	0	0	0	0	0	0
0.528	0.0073	0.3925	0.6547	0.0153	0.0021	0	0	0	0	0	0	0	0	0	0	0	0	0	0	0	0	0	0	0	0
0.53	0.0068	0.3159	0.7238	0.0167	0.002	0	0	0	0	0	0	0	0	0	0	0	0	0	0	0	0	0	0	0	0
0.532	0.0063	0.2439	0.7927	0.0172	0.002	0	0	0	0	0	0	0	0	0	0	0	0	0	0	0	0	0	0	0	0
0.534	0.0059	0.1791	0.8525	0.0176	0.0019	0	0	0	0	0	0	0	0	0	0	0	0	0	0	0	0	0	0	0	0
0.536	0.0056	0.1229	0.9067	0.0196	0.0019	0	0	0	0	0	0	0	0	0	0	0	0	0	0	0	0	0	0	0	0
0.538	0.0053	0.0774	0.951	0.0208	0.0019	0	0	0	0	0	0	0	0	0	0	0	0	0	0	0	0	0	0	0	0
0.54	0.0051	0.0465	0.9789	0.0234	0.0018	0	0	0	0	0	0	0	0	0	0	0	0	0	0	0	0	0	0	0	0
0.542	0.0048	0.0323	0.99	0.0245	0.0018	0	0	0	0	0	0	0	0	0	0	0	0	0	0	0	0	0	0	0	0
0.544	0.0045	0.0274	0.9972	0.0292	0.0018	0	0	0	0	0	0	0	0	0	0	0	0	0	0	0	0	0	0	0	0
0.546	0.0043	0.0243	1	0.0322	0.0017	0	0	0	0	0	0	0	0	0	0	0	0	0	0	0	0	0	0	0	0
0.548	0.0042	0.0213	0.9992	0.0442	0.0017	0	0	0	0	0	0	0	0	0	0	0	0	0	0	0	0	0	0	0	0
0.55	0.004	0.0191	0.9773	0.0739	0.0023	0.001	0	0	0	0	0	0	0	0	0	0	0	0	0	0	0	0	0	0	0
0.552	0.0037	0.0169	0.9446	0.1125	0.0023	0.001	0	0	0	0	0	0	0	0	0	0	0	0	0	0	0	0	0	0	0
0.554	0.0035	0.0153	0.9063	0.16	0.0016	0.0016	0	0	0	0	0	0	0	0	0	0	0	0	0	0	0	0	0	0	0
0.556	0.0035	0.0139	0.8532	0.2183	0.0022	0.0016	0	0	0	0	0	0	0	0	0	0	0	0	0	0	0	0	0	0	0
0.558	0.0033	0.0124	0.7924	0.282	0.0022	0.0016	0	0	0	0	0	0	0	0	0	0	0	0	0	0	0	0	0	0	0
0.56	0.0032	0.0111	0.7221	0.3573	0.0021	0.0009	0	0	0	0	0	0	0	0	0	0	0	0	0	0	0	0	0	0	0
0.562	0.003	0.0099	0.6515	0.4335	0.0021	0.0015	0	0	0	0	0	0	0	0	0	0	0	0	0	0	0	0	0	0	0
0.564	0.003	0.0092	0.5785	0.5064	0.0021	0.0015	0	0	0	0	0	0	0	0	0	0	0	0	0	0	0	0	0	0	0
0.566	0.0027	0.0083	0.5057	0.5773	0.002	0.0015	0	0	0	0	0	0	0	0	0	0	0	0	0	0	0	0	0	0	0
0.568	0.0026	0.0078	0.4345	0.6486	0.002	0.0015	0	0	0	0	0	0	0	0	0	0	0	0	0	0	0	0	0	0	0
0.57	0.0025	0.007	0.3605	0.7235	0.002	0.0014	0	0	0	0	0	0	0	0	0	0	0	0	0	0	0	0	0	0	0
0.572	0.0024	0.0067	0.2856	0.7921	0.002	0.0014	0	0	0	0	0	0	0	0	0	0	0	0	0	0	0	0	0	0	0
0.574	0.0023	0.006	0.2144	0.8585	0.0019	0.0014	0	0	0	0	0	0	0	0	0	0	0	0	0	0	0	0	0	0	0
0.576	0.0022	0.0057	0.1507	0.9136	0.0035	0.0014	0	0	0	0	0	0	0	0	0	0	0	0	0	0	0	0	0	0	0
0.578	0.0022	0.0054	0.0987	0.9588	0.0035	0.0014	0	0	0	0	0	0	0	0	0	0	0	0	0	0	0	0	0	0	0
0.58	0.0019	0.0051	0.0615	0.9882	0.0034	0.0013	0	0	0	0	0	0	0	0	0	0	0	0	0	0	0	0	0	0	0
0.582	0.0019	0.0046	0.0369	1	0.0034	0.0013	0	0	0	0	0	0	0	0	0	0	0	0	0	0	0	0	0	0	0
0.584	0.0019	0.0044	0.0271	0.9973	0.0039	0.0013	0	0	0	0	0	0	0	0	0	0	0	0	0	0	0	0	0	0	0
0.586	0.0019	0.0041	0.0232	0.9929	0.0044	0.0013	0	0	0	0	0	0	0	0	0	0	0	0	0	0	0	0	0	0	0
0.588	0.0017	0.0039	0.0202	0.9791	0.0043	0.0013	0	0	0	0	0	0	0	0	0	0	0	0	0	0	0	0	0	0	0
0.59	0.0017	0.0035	0.0178	0.9548	0.0063	0.0018	0	0	0	0	0	0	0	0	0	0	0	0	0	0	0	0	0	0	0
0.592	0.0017	0.0034	0.0159	0.915	0.0075	0.0018	0	0	0	0	0	0	0	0	0	0	0	0	0	0	0	0	0	0	0
0.594	0.0017	0.0032	0.0141	0.866	0.0091	0.0032	0	0	0	0	0	0	0	0	0	0	0	0	0	0	0	0	0	0	0
0.596	0.0016	0.0032	0.0125	0.8074	0.0102	0.0032	0	0	0	0	0	0	0	0	0	0	0	0	0	0	0	0	0	0	0
0.598	0.0016	0.003	0.0111	0.7426	0.0126	0.0032	0	0	0	0	0	0	0	0	0	0	0	0	0	0	0	0	0	0	0
0.6	0.0014	0.0029	0.0103	0.6716	0.0148	0.0036	0.0025	0	0	0	0	0	0	0	0	0	0	0	0	0	0	0	0	0	0
0.602	0.0014	0.0027	0.0089	0.5991	0.0161	0.0036	0.0025	0	0	0	0	0	0	0	0	0	0	0	0	0	0	0	0	0	0
0.604	0.0014	0.0027	0.0085	0.5272	0.0176	0.0036	0.0025	0	0	0	0	0	0	0	0	0	0	0	0	0	0	0	0	0	0
0.606	0.0014	0.0024	0.0071	0.4564	0.0186	0.0035	0.0024	0	0	0	0	0	0	0	0	0	0	0	0	0	0	0	0	0	0
0.608	0.0014	0.0021	0.0067	0.3883	0.0202	0.004	0.0024	0	0	0	0	0	0	0	0	0	0	0	0	0	0	0	0	0	0
0.61	0.0012	0.0021	0.0064	0.3223	0.0217	0.0039	0.0024	0	0	0	0	0	0	0	0	0	0	0	0	0	0	0	0	0	0
0.612	0.0012	0.0021	0.0057	0.2552	0.0227	0.0039	0.0024	0	0	0	0	0	0	0	0	0	0	0	0	0	0	0	0	0	0
0.614	0.0011	0.0021	0.005	0.1903	0.0252	0.0039	0.0027	0	0	0	0	0	0	0	0	0	0	0	0	0	0	0	0	0	0
0.616	0.0011	0.0019	0.005	0.1319	0.0279	0.0039	0.0027	0	0	0	0	0	0	0	0	0	0	0	0	0	0	0	0	0	0
0.618	0.0011	0.0019	0.0047	0.0851	0.0321	0.0038	0.0027	0	0	0	0	0	0	0	0	0	0	0	0	0	0	0	0	0	0
0.62	0.0011	0.0017	0.0046	0.0516	0.0452	0.0038	0.0027	0	0	0	0	0	0	0	0	0	0	0	0	0	0	0	0	0	0
0.622	0.0011	0.0017	0.004	0.0301	0.0756	0.0045	0.0026	0	0	0	0	0	0	0	0	0	0	0	0	0	0	0	0	0	0
0.624	0.001	0.0017	0.0037	0.0203	0.1223	0.0044	0.003	0	0	0	0	0	0	0	0	0	0	0	0	0	0	0	0	0	0
0.626	0.001	0.0013	0.0036	0.0171	0.178	0.0044	0.0026	0	0	0	0	0	0	0	0	0	0	0	0	0	0	0	0	0	0
0.628	0.0009	0.0013	0.0036	0.0148	0.2429	0.0044	0.0026	0	0	0	0	0	0	0	0	0	0	0	0	0	0	0	0	0	0
0.63	0.0009	0.0013	0.003	0.0125	0.3146	0.0055	0.0029	0	0	0	0	0	0	0	0	0	0	0	0	0	0	0	0	0	0
0.632	0.0009	0.0013	0.003	0.012	0.3866	0.0054	0.0029	0	0	0	0	0	0	0	0	0	0	0	0	0	0	0	0	0	0
0.634	0.0009	0.0013	0.0024	0.011	0.4617	0.0054	0.0029	0	0	0	0	0	0	0	0	0	0	0	0	0	0	0	0	0	0
0.636	0.0009	0.0013	0.0024	0.0097	0.5339	0.006	0.0029	0	0	0	0	0	0	0	0	0	0	0	0	0	0	0	0	0	0
0.638	0.0009	0.0011	0.0024	0.0092	0.604	0.006	0.0029	0	0	0	0	0	0	0	0	0	0	0	0	0	0	0	0	0	0
0.64	0.0007	0.0011	0.0024	0.0079	0.6712	0.0065	0.0029	0	0	0	0	0	0	0	0	0	0	0	0	0	0	0	0	0	0
0.642	0.0007	0.0011	0.0024	0.0079	0.7387	0.0065	0.0029	0	0	0	0	0	0	0	0	0	0	0	0	0	0	0	0	0	0
0.644	0.0007	0.0011	0.0024	0.0071	0.8094	0.0071	0.0029	0	0	0	0	0	0	0	0	0	0	0	0	0	0	0	0	0	0
0.646	0.0007	0.0011	0.0021	0.0067	0.8741	0.0072	0.0035	0	0	0	0	0	0	0	0	0	0	0	0	0	0	0	0	0	0
0.648	0.0007	0.0012	0.0021	0.0059	0.9321	0.0082	0.003	0	0	0	0	0	0	0	0	0	0	0	0	0	0	0	0	0	0
0.65	0.0007	0.001	0.0021	0.0054	0.9692	0.0088	0.0035	0	0	0	0	0	0	0	0	0	0	0	0	0	0	0	0	0	0
0.652	0.0007	0.001	0.0021	0.0053	0.9944	0.0092	0.0035	0	0	0	0	0	0	0	0	0	0	0	0	0	0	0	0	0	0
0.654	0.0007	0.001	0.0021	0.0053	1	0.0097	0.0034	0	0	0	0	0	0	0	0	0	0	0	0	0	0	0	0	0	0
0.656	0.0007	0.001	0.0018	0.0044	0.9968	0.0111	0.0034	0	0	0	0	0	0	0	0	0	0	0	0	0	0	0	0	0	0
0.658	0.0006	0.001	0.0021	0.0043	0.9894	0.0117	0.0033	0	0	0	0	0	0	0	0	0	0	0	0	0	0	0	0	0	0
0.66	0.0007	0.0008	0.0017	0.0034	0.9782	0.013	0.0041	0	0	0	0	0	0	0	0	0	0	0	0	0	0	0	0	0	0
0.662	0.0007	0.001	0.0017	0.0034	0.9692	0.0135	0.0041	0	0	0	0	0	0	0	0	0	0	0	0	0	0	0	0	0	0
0.664	0.0006	0.0008	0.0017	0.0033	0.9624	0.0154	0.0041	0	0	0	0	0	0	0	0	0	0	0	0	0	0	0	0	0	0
0.666	0.0007	0.0008	0.0017	0.0033	0.953	0.0163	0.004	0	0	0	0	0	0	0	0	0	0	0	0	0	0	0	0	0	0
0.668	0.0006	0.0008	0.0017	0.0033	0.9441	0.0177	0.0045	0	0	0	0	0	0	0	0	0	0	0	0	0	0	0	0	0	0
0.67	0.0006	0.0008	0.0017	0.0032	0.9349	0.019	0.0044	0	0	0	0	0	0	0	0	0	0	0	0	0	0	0	0	0	0
0.672	0.0005	0.0008	0.0017	0.0028	0.9279	0.0207	0.0047	0	0	0	0	0	0	0	0	0	0	0	0	0	0	0	0	0	0
0.674	0.0005	0.0008	0.0016	0.0028	0.9209	0.0231	0.0046	0	0	0	0	0	0	0	0	0	0	0	0	0	0	0	0	0	0
0.676	0.0005	0.0008	0.0016	0.0028	0.912	0.0266	0.0051	0	0	0	0	0	0	0	0	0	0	0	0	0	0	0	0	0	0
0.678	0.0005	0.0008	0.0016	0.0023	0.8995	0.0343	0.005	0	0	0	0	0	0	0	0	0	0	0	0	0	0	0	0	0	0
0.68	0.0006	0.0008	0.0016	0.0027	0.8802	0.0532	0.0056	0	0	0	0	0	0	0	0	0	0	0	0	0	0	0	0	0	0
0.682	0	0.0008	0.0016	0.0023	0.8468	0.0882	0.006	0	0	0	0	0	0	0	0	0	0	0	0	0	0	0	0	0	0
0.684	0	0.0008	0.0008	0.0023	0.8005	0.1383	0.0062	0	0	0	0	0	0	0	0	0	0	0	0	0	0	0	0	0	0
0.686	0	0.0008	0.0008	0.0023	0.745	0.1976	0.0062	0	0	0	0	0	0	0	0	0	0	0	0	0	0	0	0	0	0
0.688	0	0.0008	0.0016	0.0023	0.6857	0.2634	0.0066	0	0	0	0	0	0	0	0	0	0	0	0	0	0	0	0	0	0
0.69	0	0.0008	0.0016	0.0023	0.6252	0.3306	0.0073	0	0	0	0	0	0	0	0	0	0	0	0	0	0	0	0	0	0
0.692	0	0.0007	0.0008	0.0022	0.5627	0.4026	0.008	0	0	0	0	0	0	0	0	0	0	0	0	0	0	0	0	0	0
0.694	0	0.0007	0.0008	0.0022	0.5007	0.471	0.009	0	0	0	0	0	0	0	0	0	0	0	0	0	0	0	0	0	0
0.696	0	0.0007	0.0008	0.0011	0.4369	0.5453	0.0094	0	0	0	0	0	0	0	0	0	0	0	0	0	0	0	0	0	0
0.698	0	0.0007	0.0008	0.0022	0.3764	0.6153	0.0101	0	0	0	0	0	0	0	0	0	0	0	0	0	0	0	0	0	0
0.7	0	0.0007	0.0008	0.0011	0.3158	0.6839	0.0111	0.0029	0	0	0	0	0	0	0	0	0	0	0	0	0	0	0	0	0
0.702	0	0	0	0	0.2564	0.7515	0.0119	0.0029	0	0	0	0	0	0	0	0	0	0	0	0	0	0	0	0	0
0.704	0	0	0	0	0.197	0.82	0.0132	0.0029	0	0	0	0	0	0	0	0	0	0	0	0	0	0	0	0	0
0.706	0	0	0	0	0.1415	0.8825	0.0148	0.0036	0	0	0	0	0	0	0	0	0	0	0	0	0	0	0	0	0
0.708	0	0	0	0	0.0945	0.9336	0.016	0.0036	0	0	0	0	0	0	0	0	0	0	0	0	0	0	0	0	0
0.71	0	0	0	0	0.0586	0.971	0.0179	0.0036	0	0	0	0	0	0	0	0	0	0	0	0	0	0	0	0	0
0.712	0	0	0	0	0.0343	0.9921	0.0196	0.0036	0	0	0	0	0	0	0	0	0	0	0	0	0	0	0	0	0
0.714	0	0	0	0	0.0231	1	0.0218	0.0036	0	0	0	0	0	0	0	0	0	0	0	0	0	0	0	0	0
0.716	0	0	0	0	0.0188	0.9955	0.0252	0.004	0	0	0	0	0	0	0	0	0	0	0	0	0	0	0	0	0
0.718	0	0	0	0	0.0164	0.9841	0.0342	0.004	0	0	0	0	0	0	0	0	0	0	0	0	0	0	0	0	0
0.72	0	0	0	0	0.0149	0.9624	0.0547	0.0043	0	0	0	0	0	0	0	0	0	0	0	0	0	0	0	0	0
0.722	0	0	0	0	0.0135	0.9289	0.0914	0.0043	0	0	0	0	0	0	0	0	0	0	0	0	0	0	0	0	0
0.724	0	0	0	0	0.0126	0.8807	0.144	0.0043	0	0	0	0	0	0	0	0	0	0	0	0	0	0	0	0	0
0.726	0	0	0	0	0.0112	0.8131	0.2068	0.0048	0	0	0	0	0	0	0	0	0	0	0	0	0	0	0	0	0
0.728	0	0	0	0	0.01	0.7467	0.2734	0.0048	0	0	0	0	0	0	0	0	0	0	0	0	0	0	0	0	0
0.73	0	0	0	0	0.0095	0.6797	0.3441	0.0048	0	0	0	0	0	0	0	0	0	0	0	0	0	0	0	0	0
0.732	0	0	0	0	0.0083	0.6134	0.4153	0.0059	0	0	0	0	0	0	0	0	0	0	0	0	0	0	0	0	0
0.734	0	0	0	0	0.0077	0.5451	0.4866	0.0059	0	0	0	0	0	0	0	0	0	0	0	0	0	0	0	0	0
0.736	0	0	0	0	0.0074	0.4759	0.5608	0.0062	0	0	0	0	0	0	0	0	0	0	0	0	0	0	0	0	0
0.738	0	0	0	0	0.0069	0.4087	0.6295	0.0067	0	0	0	0	0	0	0	0	0	0	0	0	0	0	0	0	0
0.74	0	0	0	0	0.0062	0.3417	0.6998	0.0068	0	0	0	0	0	0	0	0	0	0	0	0	0	0	0	0	0
0.742	0	0	0	0	0.0057	0.2764	0.7676	0.0079	0	0	0	0	0	0	0	0	0	0	0	0	0	0	0	0	0
0.744	0	0	0	0	0.0057	0.2112	0.8334	0.0084	0	0	0	0	0	0	0	0	0	0	0	0	0	0	0	0	0
0.746	0	0	0	0	0.0054	0.1519	0.892	0.0088	0	0	0	0	0	0	0	0	0	0	0	0	0	0	0	0	0
0.748	0	0	0	0	0.0048	0.101	0.9404	0.0101	0	0	0	0	0	0	0	0	0	0	0	0	0	0	0	0	0
0.75	0	0	0	0	0.0049	0.0616	0.9766	0.0106	0.0023	0.0024	0	0	0	0	0	0	0	0	0	0	0	0	0	0	0
0.752	0	0	0	0	0.0039	0.0356	0.9965	0.0121	0.0023	0.0024	0	0	0	0	0	0	0	0	0	0	0	0	0	0	0
0.754	0	0	0	0	0.004	0.0225	1	0.0127	0.0023	0.0025	0	0	0	0	0	0	0	0	0	0	0	0	0	0	0
0.756	0	0	0	0	0.0034	0.0183	0.995	0.0141	0.0023	0.0025	0	0	0	0	0	0	0	0	0	0	0	0	0	0	0
0.758	0	0	0	0	0.0034	0.0164	0.9757	0.0154	0.0024	0.0025	0	0	0	0	0	0	0	0	0	0	0	0	0	0	0
0.76	0	0	0	0	0.0035	0.0145	0.9424	0.0172	0.0024	0.0025	0	0	0	0	0	0	0	0	0	0	0	0	0	0	0
0.762	0	0	0	0	0.0035	0.0136	0.9004	0.0195	0.0028	0.0026	0	0	0	0	0	0	0	0	0	0	0	0	0	0	0
0.764	0	0	0	0	0.0031	0.0121	0.8449	0.0217	0.0029	0.0026	0	0	0	0	0	0	0	0	0	0	0	0	0	0	0
0.766	0	0	0	0	0.0032	0.0111	0.7834	0.0261	0.0029	0.0026	0	0	0	0	0	0	0	0	0	0	0	0	0	0	0
0.768	0	0	0	0	0.0036	0.0108	0.7165	0.0369	0.0029	0.0026	0	0	0	0	0	0	0	0	0	0	0	0	0	0	0
0.77	0	0	0	0	0.0032	0.0098	0.6515	0.0592	0.0029	0.0027	0	0	0	0	0	0	0	0	0	0	0	0	0	0	0
0.772	0	0	0	0	0.0033	0.0093	0.5827	0.0986	0.0037	0.0027	0	0	0	0	0	0	0	0	0	0	0	0	0	0	0
0.774	0	0	0	0	0.0033	0.0082	0.5137	0.1515	0.0038	0.0027	0	0	0	0	0	0	0	0	0	0	0	0	0	0	0
0.776	0	0	0	0	0.0029	0.0083	0.4449	0.2149	0.0038	0.0028	0	0	0	0	0	0	0	0	0	0	0	0	0	0	0
0.778	0	0	0	0	0.0029	0.0075	0.3779	0.2829	0.0039	0.0028	0	0	0	0	0	0	0	0	0	0	0	0	0	0	0
0.78	0	0	0	0	0.003	0.0069	0.3114	0.353	0.0039	0.0028	0	0	0	0	0	0	0	0	0	0	0	0	0	0	0
0.782	0	0	0	0	0.003	0.007	0.2465	0.4244	0.0044	0.0029	0	0	0	0	0	0	0	0	0	0	0	0	0	0	0
0.784	0	0	0	0	0.003	0.0066	0.1832	0.4947	0.0048	0.0029	0	0	0	0	0	0	0	0	0	0	0	0	0	0	0
0.786	0	0	0	0	0.0031	0.006	0.1273	0.5655	0.0048	0.0029	0	0	0	0	0	0	0	0	0	0	0	0	0	0	0
0.788	0	0	0	0	0.0031	0.006	0.0807	0.6365	0.0046	0.003	0	0	0	0	0	0	0	0	0	0	0	0	0	0	0
0.79	0	0	0	0	0.0017	0.0049	0.0477	0.7028	0.005	0.003	0	0	0	0	0	0	0	0	0	0	0	0	0	0	0
0.792	0	0	0	0	0.0017	0.0042	0.0285	0.7699	0.005	0.003	0	0	0	0	0	0	0	0	0	0	0	0	0	0	0
0.794	0	0	0	0	0.0017	0.0043	0.0209	0.8335	0.0051	0.0031	0	0	0	0	0	0	0	0	0	0	0	0	0	0	0
0.796	0	0	0	0	0.0017	0.0043	0.0181	0.8934	0.0051	0.0031	0	0	0	0	0	0	0	0	0	0	0	0	0	0	0
0.798	0	0	0	0	0.0018	0.0038	0.0156	0.9435	0.0052	0.0031	0	0	0	0	0	0	0	0	0	0	0	0	0	0	0
0.8	0	0	0	0	0.0018	0.0034	0.014	0.9792	0.0052	0.0032	0.0027	0	0	0	0	0	0	0	0	0	0	0	0	0	0
0.802	0	0	0	0	0	0.0034	0.0129	0.9965	0.0058	0.0032	0.0027	0	0	0	0	0	0	0	0	0	0	0	0	0	0
0.804	0	0	0	0	0	0.0034	0.0115	1	0.0059	0.0032	0.0027	0	0	0	0	0	0	0	0	0	0	0	0	0	0
0.806	0	0	0	0	0	0.0035	0.0106	0.9921	0.0067	0.0033	0.0028	0	0	0	0	0	0	0	0	0	0	0	0	0	0
0.808	0	0	0	0	0	0.0035	0.0096	0.9772	0.0067	0.0033	0.0028	0	0	0	0	0	0	0	0	0	0	0	0	0	0
0.81	0	0	0	0	0	0.0035	0.0091	0.9421	0.0077	0.0033	0.0014	0	0	0	0	0	0	0	0	0	0	0	0	0	0
0.812	0	0	0	0	0	0.0036	0.0087	0.8987	0.0083	0.0039	0.0028	0	0	0	0	0	0	0	0	0	0	0	0	0	0
0.814	0	0	0	0	0	0.0019	0.0081	0.8448	0.0097	0.0039	0.0029	0	0	0	0	0	0	0	0	0	0	0	0	0	0
0.816	0	0	0	0	0	0.0019	0.0073	0.7816	0.0107	0.004	0.0029	0	0	0	0	0	0	0	0	0	0	0	0	0	0
0.818	0	0	0	0	0	0.002	0.0073	0.7173	0.0123	0.0046	0.0029	0	0	0	0	0	0	0	0	0	0	0	0	0	0
0.82	0	0	0	0	0	0.002	0.0067	0.6496	0.0142	0.0046	0.0029	0	0	0	0	0	0	0	0	0	0	0	0	0	0
0.822	0	0	0	0	0	0.002	0.0067	0.5808	0.0153	0.0046	0.0029	0	0	0	0	0	0	0	0	0	0	0	0	0	0
0.824	0	0	0	0	0	0.0037	0.0063	0.5129	0.0172	0.0046	0.0029	0	0	0	0	0	0	0	0	0	0	0	0	0	0
0.826	0	0	0	0	0	0.002	0.0063	0.4432	0.0191	0.0047	0.0029	0	0	0	0	0	0	0	0	0	0	0	0	0	0
0.828	0	0	0	0	0	0.002	0.0063	0.3772	0.0215	0.0058	0.0029	0	0	0	0	0	0	0	0	0	0	0	0	0	0
0.83	0	0	0	0	0	0.002	0.0056	0.3086	0.0245	0.0058	0.0034	0	0	0	0	0	0	0	0	0	0	0	0	0	0
0.832	0	0	0	0	0	0.002	0.0056	0.2426	0.0322	0.0058	0.0034	0	0	0	0	0	0	0	0	0	0	0	0	0	0
0.834	0	0	0	0	0	0.002	0.0056	0.1778	0.0479	0.007	0.0034	0	0	0	0	0	0	0	0	0	0	0	0	0	0
0.836	0	0	0	0	0	0.002	0.0056	0.121	0.0766	0.007	0.0039	0	0	0	0	0	0	0	0	0	0	0	0	0	0
0.838	0	0	0	0	0	0.002	0.0045	0.0757	0.12	0.0075	0.0039	0	0	0	0	0	0	0	0	0	0	0	0	0	0
0.84	0	0	0	0	0	0.002	0.0045	0.0456	0.17	0.007	0.0039	0	0	0	0	0	0	0	0	0	0	0	0	0	0
0.842	0	0	0	0	0	0.002	0.0045	0.0316	0.2283	0.0075	0.0039	0	0	0	0	0	0	0	0	0	0	0	0	0	0
0.844	0	0	0	0	0	0.002	0.0038	0.026	0.2904	0.0086	0.0039	0	0	0	0	0	0	0	0	0	0	0	0	0	0
0.846	0	0	0	0	0	0.0019	0.0038	0.0234	0.3565	0.0086	0.0038	0	0	0	0	0	0	0	0	0	0	0	0	0	0
0.848	0	0	0	0	0	0.0019	0.0037	0.0217	0.4249	0.0085	0.0033	0	0	0	0	0	0	0	0	0	0	0	0	0	0
0.85	0	0	0	0	0	0.0019	0.0033	0.0194	0.4935	0.0085	0.0038	0	0	0	0	0	0	0	0	0	0	0	0	0	0
0.852	0	0	0	0	0	0.0014	0.0032	0.0178	0.5631	0.009	0.0038	0	0	0	0	0	0	0	0	0	0	0	0	0	0
0.854	0	0	0	0	0	0.0013	0.0032	0.0159	0.6324	0.0089	0.0037	0	0	0	0	0	0	0	0	0	0	0	0	0	0
0.856	0	0	0	0	0	0.0013	0.0032	0.0143	0.7023	0.0099	0.0037	0	0	0	0	0	0	0	0	0	0	0	0	0	0
0.858	0	0	0	0	0	0.0013	0.0027	0.0129	0.7747	0.0098	0.0037	0	0	0	0	0	0	0	0	0	0	0	0	0	0
0.86	0	0	0	0	0	0.0013	0.0027	0.0113	0.8419	0.0108	0.0036	0	0	0	0	0	0	0	0	0	0	0	0	0	0
0.862	0	0	0	0	0	0.0013	0.0027	0.0092	0.9051	0.0112	0.0036	0	0	0	0	0	0	0	0	0	0	0	0	0	0
0.864	0	0	0	0	0	0.0013	0.0026	0.0085	0.9543	0.0132	0.0035	0	0	0	0	0	0	0	0	0	0	0	0	0	0
0.866	0	0	0	0	0	0.0013	0.0026	0.008	0.9838	0.0136	0.0035	0	0	0	0	0	0	0	0	0	0	0	0	0	0
0.868	0	0	0	0	0	0.0012	0.0026	0.0073	0.9975	0.0144	0.0035	0	0	0	0	0	0	0	0	0	0	0	0	0	0
0.87	0	0	0	0	0	0.0012	0.0014	0.0064	1	0.0179	0.0034	0	0	0	0	0	0	0	0	0	0	0	0	0	0
0.872	0	0	0	0	0	0.0012	0.0025	0.0064	0.9963	0.0257	0.0042	0	0	0	0	0	0	0	0	0	0	0	0	0	0
0.874	0	0	0	0	0	0.0012	0.0013	0.0057	0.981	0.0423	0.0033	0	0	0	0	0	0	0	0	0	0	0	0	0	0
0.876	0	0	0	0	0	0.0012	0.0013	0.0056	0.9553	0.0719	0.0041	0	0	0	0	0	0	0	0	0	0	0	0	0	0
0.878	0	0	0	0	0	0.0012	0.0024	0.0056	0.9129	0.1133	0.0049	0	0	0	0	0	0	0	0	0	0	0	0	0	0
0.88	0	0	0	0	0	0.0012	0.0013	0.0051	0.8642	0.164	0.0053	0	0	0	0	0	0	0	0	0	0	0	0	0	0
0.882	0	0	0	0	0	0.0011	0.0013	0.0045	0.8099	0.2197	0.0052	0	0	0	0	0	0	0	0	0	0	0	0	0	0
0.884	0	0	0	0	0	0.0011	0.0023	0.0045	0.7469	0.2826	0.0051	0	0	0	0	0	0	0	0	0	0	0	0	0	0
0.886	0	0	0	0	0	0.0011	0.0013	0.0044	0.6816	0.3494	0.0059	0	0	0	0	0	0	0	0	0	0	0	0	0	0
0.888	0	0	0	0	0	0.0011	0.0012	0.0035	0.6117	0.4173	0.0058	0	0	0	0	0	0	0	0	0	0	0	0	0	0
0.89	0	0	0	0	0	0.0011	0.0012	0.0035	0.5415	0.4892	0.0061	0	0	0	0	0	0	0	0	0	0	0	0	0	0
0.892	0	0	0	0	0	0.0011	0.0012	0.0034	0.4698	0.5595	0.0068	0	0	0	0	0	0	0	0	0	0	0	0	0	0
0.894	0	0	0	0	0	0.0011	0.0012	0.0034	0.3983	0.633	0.0075	0	0	0	0	0	0	0	0	0	0	0	0	0	0
0.896	0	0	0	0	0	0.0011	0.0012	0.0029	0.3244	0.7043	0.0078	0	0	0	0	0	0	0	0	0	0	0	0	0	0
0.898	0	0	0	0	0	0.0011	0.0012	0.0028	0.2505	0.7768	0.0081	0	0	0	0	0	0	0	0	0	0	0	0	0	0
0.9	0	0	0	0	0	0.001	0.0012	0.0028	0.1796	0.8462	0.0092	0	0	0	0	0	0	0	0	0	0	0	0	0	0
0.902	0	0	0	0	0	0	0.0012	0.0028	0.1145	0.9096	0.0098	0	0	0	0	0	0	0	0	0	0	0	0	0	0
0.904	0	0	0	0	0	0	0.0011	0.0028	0.0649	0.9585	0.0112	0	0	0	0	0	0	0	0	0	0	0	0	0	0
0.906	0	0	0	0	0	0	0.0008	0.0027	0.0351	0.9889	0.0118	0	0	0	0	0	0	0	0	0	0	0	0	0	0
0.908	0	0	0	0	0	0	0.0011	0.0027	0.0218	0.9972	0.0135	0	0	0	0	0	0	0	0	0	0	0	0	0	0
0.91	0	0	0	0	0	0	0.0011	0.0024	0.0178	1	0.0163	0	0	0	0	0	0	0	0	0	0	0	0	0	0
0.912	0	0	0	0	0	0	0.0011	0.0024	0.016	0.9934	0.0228	0	0	0	0	0	0	0	0	0	0	0	0	0	0
0.914	0	0	0	0	0	0	0.0011	0.0024	0.0145	0.9758	0.0392	0	0	0	0	0	0	0	0	0	0	0	0	0	0
0.916	0	0	0	0	0	0	0.0008	0.0024	0.0135	0.9468	0.0683	0	0	0	0	0	0	0	0	0	0	0	0	0	0
0.918	0	0	0	0	0	0	0.0011	0.0023	0.0123	0.906	0.1083	0	0	0	0	0	0	0	0	0	0	0	0	0	0
0.92	0	0	0	0	0	0	0.0008	0.0023	0.012	0.8555	0.1548	0	0	0	0	0	0	0	0	0	0	0	0	0	0
0.922	0	0	0	0	0	0	0.0008	0.002	0.011	0.8025	0.2085	0	0	0	0	0	0	0	0	0	0	0	0	0	0
0.924	0	0	0	0	0	0	0.0008	0.002	0.0102	0.742	0.2685	0	0	0	0	0	0	0	0	0	0	0	0	0	0
0.926	0	0	0	0	0	0	0.0008	0.002	0.01	0.6739	0.3328	0	0	0	0	0	0	0	0	0	0	0	0	0	0
0.928	0	0	0	0	0	0	0.0011	0.002	0.009	0.6056	0.4014	0	0	0	0	0	0	0	0	0	0	0	0	0	0
0.93	0	0	0	0	0	0	0.0008	0.002	0.0086	0.5339	0.4719	0	0	0	0	0	0	0	0	0	0	0	0	0	0
0.932	0	0	0	0	0	0	0.0008	0.002	0.0083	0.4615	0.5411	0	0	0	0	0	0	0	0	0	0	0	0	0	0
0.934	0	0	0	0	0	0	0.0008	0.002	0.0074	0.3901	0.6117	0	0	0	0	0	0	0	0	0	0	0	0	0	0
0.936	0	0	0	0	0	0	0.0008	0.002	0.007	0.3191	0.6851	0	0	0	0	0	0	0	0	0	0	0	0	0	0
0.938	0	0	0	0	0	0	0.0008	0.002	0.0067	0.2489	0.7589	0	0	0	0	0	0	0	0	0	0	0	0	0	0
0.94	0	0	0	0	0	0	0.0008	0.002	0.006	0.1801	0.834	0	0	0	0	0	0	0	0	0	0	0	0	0	0
0.942	0	0	0	0	0	0	0.0008	0.002	0.0057	0.1169	0.9001	0	0	0	0	0	0	0	0	0	0	0	0	0	0
0.944	0	0	0	0	0	0	0.0008	0.0011	0.0055	0.0643	0.9494	0	0	0	0	0	0	0	0	0	0	0	0	0	0
0.946	0	0	0	0	0	0	0.0008	0.0011	0.0051	0.0328	0.983	0	0	0	0	0	0	0	0	0	0	0	0	0	0
0.948	0	0	0	0	0	0	0.0008	0.0011	0.0051	0.0199	0.9955	0	0	0	0	0	0	0	0	0	0	0	0	0	0
0.95	0	0	0	0	0	0	0.0008	0.0011	0.0046	0.0158	1	0	0	0	0	0	0	0	0	0	0	0	0	0	0
0.952	0	0	0	0	0	0	0	0	0.0042	0.0141	0.9993	0	0	0	0	0	0	0	0	0	0	0	0	0	0
0.954	0	0	0	0	0	0	0	0	0.0039	0.0134	0.9914	0	0	0	0	0	0	0	0	0	0	0	0	0	0
0.956	0	0	0	0	0	0	0	0	0.0042	0.0122	0.9655	0	0	0	0	0	0	0	0	0	0	0	0	0	0
0.958	0	0	0	0	0	0	0	0	0.004	0.0123	0.929	0	0	0	0	0	0	0	0	0	0	0	0	0	0
0.96	0	0	0	0	0	0	0	0	0.0036	0.0115	0.8851	0	0	0	0	0	0	0	0	0	0	0	0	0	0
0.962	0	0	0	0	0	0	0	0	0.0036	0.0116	0.8329	0	0	0	0	0	0	0	0	0	0	0	0	0	0
0.964	0	0	0	0	0	0	0	0	0.0037	0.0113	0.7749	0	0	0	0	0	0	0	0	0	0	0	0	0	0
0.966	0	0	0	0	0	0	0	0	0.0037	0.0114	0.7118	0	0	0	0	0	0	0	0	0	0	0	0	0	0
0.968	0	0	0	0	0	0	0	0	0.0037	0.0116	0.6437	0	0	0	0	0	0	0	0	0	0	0	0	0	0
0.97	0	0	0	0	0	0	0	0	0.0038	0.0117	0.5736	0	0	0	0	0	0	0	0	0	0	0	0	0	0
0.972	0	0	0	0	0	0	0	0	0	0.0124	0.5009	0	0	0	0	0	0	0	0	0	0	0	0	0	0
0.974	0	0	0	0	0	0	0	0	0	0.0121	0.4287	0	0	0	0	0	0	0	0	0	0	0	0	0	0
0.976	0	0	0	0	0	0	0	0	0	0.0127	0.3551	0	0	0	0	0	0	0	0	0	0	0	0	0	0
0.978	0	0	0	0	0	0	0	0	0	0.0129	0.2839	0	0	0	0	0	0	0	0	0	0	0	0	0	0
0.98	0	0	0	0	0	0	0	0	0	0.0127	0.2141	0	0	0	0	0	0	0	0	0	0	0	0	0	0
0.982	0	0	0	0	0	0	0	0	0	0.0134	0.1523	0	0	0	0	0	0	0	0	0	0	0	0	0	0
0.984	0	0	0	0	0	0	0	0	0	0.0137	0.0979	0	0	0	0	0	0	0	0	0	0	0	0	0	0
0.986	0	0	0	0	0	0	0	0	0	0.0139	0.0589	0	0	0	0	0	0	0	0	0	0	0	0	0	0
0.988	0	0	0	0	0	0	0	0	0	0.0136	0.0399	0	0	0	0	0	0	0	0	0	0	0	0	0	0
0.99	0	0	0	0	0	0	0	0	0	0.0139	0.0385	0	0	0	0	0	0	0	0	0	0	0	0	0	0
0.992	0	0	0	0	0	0	0	0	0	0.0125	0.0388	0	0	0	0	0	0	0	0	0	0	0	0	0	0
0.994	0	0	0	0	0	0	0	0	0	0.0128	0.0396	0	0	0	0	0	0	0	0	0	0	0	0	0	0
0.996	0	0	0	0	0	0	0	0	0	0.0131	0.0417	0	0	0	0	0	0	0	0	0	0	0	0	0	0
0.998	0	0	0	0	0	0	0	0	0	0.0134	0.0425	0	0	0	0	0	0	0	0	0	0	0	0	0	0
1	0	0	0	0	0	0	0	0	0	0.0131	0.0425	0	0	0	0	0	0	0	0	0	0	0	0	0	0
1.002	0	0	0	0	0	0	0	0	0	0.0128	0.0408	0	0	0	0	0	0	0	0	0	0	0	0	0	0
1.004	0	0	0	0	0	0	0	0	0	0.0118	0.0391	0	0	0	0	0	0	0	0	0	0	0	0	0	0
1.006	0	0	0	0	0	0	0	0	0	0.0121	0.0384	0	0	0	0	0	0	0	0	0	0	0	0	0	0
1.008	0	0	0	0	0	0	0	0	0	0.011	0.0366	0	0	0	0	0	0	0	0	0	0	0	0	0	0
1.01	0	0	0	0	0	0	0	0	0	0.0113	0.0346	0	0	0	0	0	0	0	0	0	0	0	0	0	0
1.012	0	0	0	0	0	0	0	0	0	0.0109	0.0325	0	0	0	0	0	0	0	0	0	0	0	0	0	0
1.014	0	0	0	0	0	0	0	0	0	0.0097	0.0315	0	0	0	0	0	0	0	0	0	0	0	0	0	0
1.016	0	0	0	0	0	0	0	0	0	0.0077	0.0265	0	0	0	0	0	0	0	0	0	0	0	0	0	0
1.018	0	0	0	0	0	0	0	0	0	0.0063	0.0186	0	0	0	0	0	0	0	0	0	0	0	0	0	0
1.02	0	0	0	0	0	0	0	0	0	0.0057	0.0185	0	0	0	0	0	0	0	0	0	0	0	0	0	0
1.022	0	0	0	0	0	0	0	0	0	0.0059	0.0191	0	0	0	0	0	0	0	0	0	0	0	0	0	0
1.024	0	0	0	0	0	0	0	0	0	0.006	0.0196	0	0	0	0	0	0	0	0	0	0	0	0	0	0
1.026	0	0	0	0	0	0	0	0	0	0.0062	0.0202	0	0	0	0	0	0	0	0	0	0	0	0	0	0
1.028	0	0	0	0	0	0	0	0	0	0.0064	0.0208	0	0	0	0	0	0	0	0	0	0	0	0	0	0
1.03	0	0	0	0	0	0	0	0	0	0.0066	0.0215	0	0	0	0	0	0	0	0	0	0	0	0	0	0
1.032	0	0	0	0	0	0	0	0	0	0.0068	0.0213	0	0	0	0	0	0	0	0	0	0	0	0	0	0
1.034	0	0	0	0	0	0	0	0	0	0.007	0.0219	0	0	0	0	0	0	0	0	0	0	0	0	0	0
1.036	0	0	0	0	0	0	0	0	0	0.0072	0.0217	0	0	0	0	0	0	0	0	0	0	0	0	0	0
1.038	0	0	0	0	0	0	0	0	0	0.0064	0.0225	0	0	0	0	0	0	0	0	0	0	0	0	0	0
1.04	0	0	0	0	0	0	0	0	0	0.0066	0.0203	0	0	0	0	0	0	0	0	0	0	0	0	0	0
1.042	0	0	0	0	0	0	0	0	0	0.0068	0.021	0	0	0	0	0	0	0	0	0	0	0	0	0	0
1.044	0	0	0	0	0	0	0	0	0	0.007	0.0208	0	0	0	0	0	0	0	0	0	0	0	0	0	0
1.046	0	0	0	0	0	0	0	0	0	0.0073	0.0205	0	0	0	0	0	0	0	0	0	0	0	0	0	0
1.048	0	0	0	0	0	0	0	0	0	0.0075	0.0191	0	0	0	0	0	0	0	0	0	0	0	0	0	0
1.05	0	0	0	0	0	0	0	0	0	0.0078	0.0197	0	0	0	0	0	0	0	0	0	0	0	0	0	0
1.052	0	0	0	0	0	0	0	0	0	0.0081	0.0182	0	0	0	0	0	0	0	0	0	0	0	0	0	0
1.054	0	0	0	0	0	0	0	0	0	0.0083	0.0176	0	0	0	0	0	0	0	0	0	0	0	0	0	0
1.056	0	0	0	0	0	0	0	0	0	0.0087	0.0183	0	0	0	0	0	0	0	0	0	0	0	0	0	0
1.058	0	0	0	0	0	0	0	0	0	0.009	0.0164	0	0	0	0	0	0	0	0	0	0	0	0	0	0
1.06	0	0	0	0	0	0	0	0	0	0.0047	0.0158	0	0	0	0	0	0	0	0	0	0	0	0	0	0
1.062	0	0	0	0	0	0	0	0	0	0.0049	0.0166	0	0	0	0	0	0	0	0	0	0	0	0	0	0
1.064	0	0	0	0	0	0	0	0	0	0.0051	0.0142	0	0	0	0	0	0	0	0	0	0	0	0	0	0
1.066	0	0	0	0	0	0	0	0	0	0.0053	0.0147	0	0	0	0	0	0	0	0	0	0	0	0	0	0
1.068	0	0	0	0	0	0	0	0	0	0.0054	0.0121	0	0	0	0	0	0	0	0	0	0	0	0	0	0
1.07	0	0	0	0	0	0	0	0	0	0.0055	0.0124	0	0	0	0	0	0	0	0	0	0	0	0	0	0
1.072	0	0	0	0	0	0	0	0	0	0.0057	0.0128	0	0	0	0	0	0	0	0	0	0	0	0	0	0
1.074	0	0	0	0	0	0	0	0	0	0.0039	0.0132	0	0	0	0	0	0	0	0	0	0	0	0	0	0
1.076	0	0	0	0	0	0	0	0	0	0.006	0.012	0	0	0	0	0	0	0	0	0	0	0	0	0	0
1.078	0	0	0	0	0	0	0	0	0	0.0062	0.0123	0	0	0	0	0	0	0	0	0	0	0	0	0	0
1.08	0	0	0	0	0	0	0	0	0	0.0064	0.011	0	0	0	0	0	0	0	0	0	0	0	0	0	0
1.082	0	0	0	0	0	0	0	0	0	0.0067	0.0112	0	0	0	0	0	0	0	0	0	0	0	0	0	0
1.084	0	0	0	0	0	0	0	0	0	0.0046	0.0116	0	0	0	0	0	0	0	0	0	0	0	0	0	0
1.086	0	0	0	0	0	0	0	0	0	0.0047	0.012	0	0	0	0	0	0	0	0	0	0	0	0	0	0
1.088	0	0	0	0	0	0	0	0	0	0.0074	0.0124	0	0	0	0	0	0	0	0	0	0	0	0	0	0
1.09	0	0	0	0	0	0	0	0	0	0.0076	0.0128	0	0	0	0	0	0	0	0	0	0	0	0	0	0
1.092	0	0	0	0	0	0	0	0	0	0.0052	0.0066	0	0	0	0	0	0	0	0	0	0	0	0	0	0
1.094	0	0	0	0	0	0	0	0	0	0.0054	0.0068	0	0	0	0	0	0	0	0	0	0	0	0	0	0
1.096	0	0	0	0	0	0	0	0	0	0.0056	0.0071	0	0	0	0	0	0	0	0	0	0	0	0	0	0
1.098	0	0	0	0	0	0	0	0	0	0.0058	0.0073	0	0	0	0	0	0	0	0	0	0	0	0	0	0
1.1	0	0	0	0	0	0	0	0	0	0.006	0.0076	0	0	0	0	0	0	0	0	0	0	0	0	0	0
1.4	0	0	0	0	0	0	0	0	0	0	0	0	0.00004	0	0	0	0	0	0	0	0	0	0	0	0
1.402	0	0	0	0	0	0	0	0	0	0	0	0	0.00004	0	0	0	0	0	0	0	0	0	0	0	0
1.404	0	0	0	0	0	0	0	0	0	0	0	0	0.00004	0	0	0	0	0	0	0	0	0	0	0	0
1.406	0	0	0	0	0	0	0	0	0	0	0	0	0.00004	0	0	0	0	0	0	0	0	0	0	0	0
1.408	0	0	0	0	0	0	0	0	0	0	0	0.00064	0.00004	0	0	0	0	0	0	0	0	0	0	0	0
1.41	0	0	0	0	0	0	0	0	0	0	0	0.00067	0.00004	0	0	0	0	0	0	0	0	0	0	0	0
1.412	0	0	0	0	0	0	0	0	0	0	0	0.00067	0.00004	0	0	0	0	0	0	0	0	0	0	0	0
1.414	0	0	0	0	0	0	0	0	0	0	0	0.00065	0.00004	0	0	0	0	0	0	0	0	0	0	0	0
1.416	0	0	0	0	0	0	0	0	0	0	0	0.00064	0.00004	0	0	0	0	0	0	0	0	0	0	0	0
1.418	0	0	0	0	0	0	0	0	0	0	0	0.00064	0.00004	0	0	0	0	0	0	0	0	0	0	0	0
1.42	0	0	0	0	0	0	0	0	0	0	0	0.00063	0.00004	0	0	0	0	0	0	0	0	0	0	0	0
1.422	0	0	0	0	0	0	0	0	0	0	0	0.00062	0.00004	0	0	0	0	0	0	0	0	0	0	0	0
1.424	0	0	0	0	0	0	0	0	0	0	0	0.00062	0.00004	0	0	0	0	0	0	0	0	0	0	0	0
1.426	0	0	0	0	0	0	0	0	0	0	0	0.00062	0.00004	0	0	0	0	0	0	0	0	0	0	0	0
1.428	0	0	0	0	0	0	0	0	0	0	0	0.00059	0.00004	0	0	0	0	0	0	0	0	0	0	0	0
1.43	0	0	0	0	0	0	0	0	0	0	0	0.00061	0.00004	0	0	0	0	0	0	0	0	0	0	0	0
1.432	0	0	0	0	0	0	0	0	0	0	0	0.00066	0.00004	0	0	0	0	0	0	0	0	0	0	0	0
1.434	0	0	0	0	0	0	0	0	0	0	0	0.00073	0.00004	0	0	0	0	0	0	0	0	0	0	0	0
1.436	0	0	0	0	0	0	0	0	0	0	0	0.00081	0.00004	0	0	0	0	0	0	0	0	0	0	0	0
1.438	0	0	0	0	0	0	0	0	0	0	0	0.00088	0.00004	0	0	0	0	0	0	0	0	0	0	0	0
1.44	0	0	0	0	0	0	0	0	0	0	0	0.00093	0.00004	0	0	0	0	0	0	0	0	0	0	0	0
1.442	0	0	0	0	0	0	0	0	0	0	0	0.00095	0.00004	0	0	0	0	0	0	0	0	0	0	0	0
1.444	0	0	0	0	0	0	0	0	0	0	0	0.00092	0.00004	0	0	0	0	0	0	0	0	0	0	0	0
1.446	0	0	0	0	0	0	0	0	0	0	0	0.00092	0.00004	0	0	0	0	0	0	0	0	0	0	0	0
1.448	0	0	0	0	0	0	0	0	0	0	0	0.00095	0.00004	0	0	0	0	0	0	0	0	0	0	0	0
1.45	0	0	0	0	0	0	0	0	0	0	0	0.0009	0.00004	0	0	0	0	0	0	0	0	0	0	0	0
1.452	0	0	0	0	0	0	0	0	0	0	0	0.00087	0.00004	0	0	0	0	0	0	0	0	0	0	0	0
1.454	0	0	0	0	0	0	0	0	0	0	0	0.00084	0.00004	0	0	0	0	0	0	0	0	0	0	0	0
1.456	0	0	0	0	0	0	0	0	0	0	0	0.00084	0.00004	0	0	0	0	0	0	0	0	0	0	0	0
1.458	0	0	0	0	0	0	0	0	0	0	0	0.00084	0.00004	0	0	0	0	0	0	0	0	0	0	0	0
1.46	0	0	0	0	0	0	0	0	0	0	0	0.00086	0.00004	0	0	0	0	0	0	0	0	0	0	0	0
1.462	0	0	0	0	0	0	0	0	0	0	0	0.00089	0.00004	0	0	0	0	0	0	0	0	0	0	0	0
1.464	0	0	0	0	0	0	0	0	0	0	0	0.00084	0.00004	0	0	0	0	0	0	0	0	0	0	0	0
1.466	0	0	0	0	0	0	0	0	0	0	0	0.00088	0.00004	0	0	0	0	0	0	0	0	0	0	0	0
1.468	0	0	0	0	0	0	0	0	0	0	0	0.00115	0.00004	0	0	0	0	0	0	0	0	0	0	0	0
1.47	0	0	0	0	0	0	0	0	0	0	0	0.00123	0.00004	0	0	0	0	0	0	0	0	0	0	0	0
1.472	0	0	0	0	0	0	0	0	0	0	0	0.00138	0.00004	0	0	0	0	0	0	0	0	0	0	0	0
1.474	0	0	0	0	0	0	0	0	0	0	0	0.00155	0.00004	0	0	0	0	0	0	0	0	0	0	0	0
1.476	0	0	0	0	0	0	0	0	0	0	0	0.0017	0.00004	0	0	0	0	0	0	0	0	0	0	0	0
1.478	0	0	0	0	0	0	0	0	0	0	0	0.00178	0.00004	0	0	0	0	0	0	0	0	0	0	0	0
1.48	0	0	0	0	0	0	0	0	0	0	0	0.00175	0.00004	0	0	0	0	0	0	0	0	0	0	0	0
1.482	0	0	0	0	0	0	0	0	0	0	0	0.00186	0.00004	0	0	0	0	0	0	0	0	0	0	0	0
1.484	0	0	0	0	0	0	0	0	0	0	0	0.00201	0.00004	0	0	0	0	0	0	0	0	0	0	0	0
1.486	0	0	0	0	0	0	0	0	0	0	0	0.00188	0.00004	0	0	0	0	0	0	0	0	0	0	0	0
1.488	0	0	0	0	0	0	0	0	0	0	0	0.0019	0.00004	0	0	0	0	0	0	0	0	0	0	0	0
1.49	0	0	0	0	0	0	0	0	0	0	0	0.00197	0.00004	0	0	0	0	0	0	0	0	0	0	0	0
1.492	0	0	0	0	0	0	0	0	0	0	0	0.00206	0.00004	0	0	0	0	0	0	0	0	0	0	0	0
1.494	0	0	0	0	0	0	0	0	0	0	0	0.00213	0.00004	0	0	0	0	0	0	0	0	0	0	0	0
1.496	0	0	0	0	0	0	0	0	0	0	0	0.00224	0.00004	0	0	0	0	0	0	0	0	0	0	0	0
1.498	0	0	0	0	0	0	0	0	0	0	0	0.00236	0.00004	0	0	0	0	0	0	0	0	0	0	0	0
1.5	0	0	0	0	0	0	0	0	0	0	0	0.00244	0.00004	0	0	0	0	0	0	0	0	0	0	0	0
1.502	0	0	0	0	0	0	0	0	0	0	0	0.00249	0.00001	0	0	0	0	0	0	0	0	0	0	0	0
1.504	0	0	0	0	0	0	0	0	0	0	0	0.00257	0.00003	0	0	0	0	0	0	0	0	0	0	0	0
1.506	0	0	0	0	0	0	0	0	0	0	0	0.00265	0.00008	0	0	0	0	0	0	0	0	0	0	0	0
1.508	0	0	0	0	0	0	0	0	0	0	0	0.00263	0.00015	0	0	0	0	0	0	0	0	0	0	0	0
1.51	0	0	0	0	0	0	0	0	0	0	0	0.00267	0.00019	0	0	0	0	0	0	0	0	0	0	0	0
1.512	0	0	0	0	0	0	0	0	0	0	0	0.0028	0.00028	0	0	0	0	0	0	0	0	0	0	0	0
1.514	0	0	0	0	0	0	0	0	0	0	0	0.00297	0.00044	0	0	0	0	0	0	0	0	0	0	0	0
1.516	0	0	0	0	0	0	0	0	0	0	0	0.00308	0.00049	0	0	0	0	0	0	0	0	0	0	0	0
1.518	0	0	0	0	0	0	0	0	0	0	0	0.00328	0.00052	0	0	0	0	0	0	0	0	0	0	0	0
1.52	0	0	0	0	0	0	0	0	0	0	0	0.00352	0.00059	0	0	0	0	0	0	0	0	0	0	0	0
1.522	0	0	0	0	0	0	0	0	0	0	0	0.0037	0.00065	0	0	0	0	0	0	0	0	0	0	0	0
1.524	0	0	0	0	0	0	0	0	0	0	0	0.00383	0.00068	0	0	0	0	0	0	0	0	0	0	0	0
1.526	0	0	0	0	0	0	0	0	0	0	0	0.00398	0.00067	0	0	0	0	0	0	0	0	0	0	0	0
1.528	0	0	0	0	0	0	0	0	0	0	0	0.00421	0.00071	0	0	0	0	0	0	0	0	0	0	0	0
1.53	0	0	0	0	0	0	0	0	0	0	0	0.00435	0.00078	0	0	0	0	0	0	0	0	0	0	0	0
1.532	0	0	0	0	0	0	0	0	0	0	0	0.0045	0.00071	0	0	0	0	0	0	0	0	0	0	0	0
1.534	0	0	0	0	0	0	0	0	0	0	0	0.00463	0.00073	0	0	0	0	0	0	0	0	0	0	0	0
1.536	0	0	0	0	0	0	0	0	0	0	0	0.005	0.00078	0	0	0	0	0	0	0	0	0	0	0	0
1.538	0	0	0	0	0	0	0	0	0	0	0	0.00581	0.00085	0	0	0	0	0	0	0	0	0	0	0	0
1.54	0	0	0	0	0	0	0	0	0	0	0	0.00746	0.00084	0	0	0	0	0	0	0	0	0	0	0	0
1.542	0	0	0	0	0	0	0	0	0	0	0	0.01047	0.00097	0	0	0	0	0	0	0	0	0	0	0	0
1.544	0	0	0	0	0	0	0	0	0	0	0	0.01606	0.00119	0	0	0	0	0	0	0	0	0	0	0	0
1.546	0	0	0	0	0	0	0	0	0	0	0	0.02495	0.00144	0	0	0	0	0	0	0	0	0	0	0	0
1.548	0	0	0	0	0	0	0	0	0	0	0	0.0379	0.00167	0	0	0	0	0	0	0	0	0	0	0	0
1.55	0	0	0	0	0	0	0	0	0	0	0	0.0557	0.00188	0	0.00005	0	0	0	0	0	0	0	0	0	0
1.552	0	0	0	0	0	0	0	0	0	0	0	0.07919	0.00206	0	0.00005	0	0	0	0	0	0	0	0	0	0
1.554	0	0	0	0	0	0	0	0	0	0	0	0.10749	0.00218	0	0.00005	0	0	0	0	0	0	0	0	0	0
1.556	0	0	0	0	0	0	0	0	0	0	0	0.13858	0.00212	0	0.00005	0	0	0	0	0	0	0	0	0	0
1.558	0	0	0	0	0	0	0	0	0	0	0	0.17111	0.00222	0.00079	0.00005	0	0	0	0	0	0	0	0	0	0
1.56	0	0	0	0	0	0	0	0	0	0	0	0.20408	0.00239	0.00083	0.00005	0	0	0	0	0	0	0	0	0	0
1.562	0	0	0	0	0	0	0	0	0	0	0	0.23686	0.00248	0.001	0.00005	0	0	0	0	0	0	0	0	0	0
1.564	0	0	0	0	0	0	0	0	0	0	0	0.26946	0.00256	0.00102	0.00005	0	0	0	0	0	0	0	0	0	0
1.566	0	0	0	0	0	0	0	0	0	0	0	0.30343	0.0026	0.00112	0.00005	0	0	0	0	0	0	0	0	0	0
1.568	0	0	0	0	0	0	0	0	0	0	0	0.34085	0.00266	0.00104	0.00005	0	0	0	0	0	0	0	0	0	0
1.57	0	0	0	0	0	0	0	0	0	0	0	0.38187	0.00263	0.00112	0.00005	0	0	0	0	0	0	0	0	0	0
1.572	0	0	0	0	0	0	0	0	0	0	0	0.42502	0.00266	0.00114	0.00005	0	0	0	0	0	0	0	0	0	0
1.574	0	0	0	0	0	0	0	0	0	0	0	0.46938	0.0028	0.0011	0.00005	0	0	0	0	0	0	0	0	0	0
1.576	0	0	0	0	0	0	0	0	0	0	0	0.51432	0.00301	0.00119	0.00005	0	0	0	0	0	0	0	0	0	0
1.578	0	0	0	0	0	0	0	0	0	0	0	0.55969	0.00312	0.00134	0.00005	0	0	0	0	0	0	0	0	0	0
1.58	0	0	0	0	0	0	0	0	0	0	0	0.60451	0.0032	0.00136	0.00005	0	0	0	0	0	0	0	0	0	0
1.582	0	0	0	0	0	0	0	0	0	0	0	0.64859	0.00334	0.00145	0.00005	0	0	0	0	0	0	0	0	0	0
1.584	0	0	0	0	0	0	0	0	0	0	0	0.69326	0.0035	0.0014	0.00005	0	0	0	0	0	0	0	0	0	0
1.586	0	0	0	0	0	0	0	0	0	0	0	0.73786	0.00358	0.00141	0.00005	0	0	0	0	0	0	0	0	0	0
1.588	0	0	0	0	0	0	0	0	0	0	0	0.7815	0.00378	0.00142	0.00005	0	0	0	0	0	0	0	0	0	0
1.59	0	0	0	0	0	0	0	0	0	0	0	0.82327	0.00393	0.00146	0.00005	0	0	0	0	0	0	0	0	0	0
1.592	0	0	0	0	0	0	0	0	0	0	0	0.86302	0.00413	0.0015	0.00005	0	0	0	0	0	0	0	0	0	0
1.594	0	0	0	0	0	0	0	0	0	0	0	0.90068	0.00434	0.00157	0.00005	0	0	0	0	0	0	0	0	0	0
1.596	0	0	0	0	0	0	0	0	0	0	0	0.93386	0.00435	0.00163	0.00005	0	0	0	0	0	0	0	0	0	0
1.598	0	0	0	0	0	0	0	0	0	0	0	0.96143	0.00447	0.0017	0.00005	0	0	0	0	0	0	0	0	0	0
1.6	0	0	0	0	0	0	0	0	0	0	0	0.98265	0.0048	0.00174	0.00005	0	0	0	0	0	0	0	0	0	0
1.602	0	0	0	0	0	0	0	0	0	0	0	0.99569	0.00561	0.00186	0.00005	0	0	0	0	0	0	0	0	0	0
1.604	0	0	0	0	0	0	0	0	0	0	0	1	0.00814	0.00201	0.00005	0	0	0	0	0	0	0	0	0	0
1.606	0	0	0	0	0	0	0	0	0	0	0	0.9945	0.01383	0.0022	0.00005	0	0	0	0	0	0	0	0	0	0
1.608	0	0	0	0	0	0	0	0	0	0	0	0.97914	0.0242	0.00238	0.00005	0	0	0	0	0	0	0	0	0	0
1.61	0	0	0	0	0	0	0	0	0	0	0	0.95521	0.04026	0.00253	0.00003	0	0	0	0	0	0	0	0	0	0
1.612	0	0	0	0	0	0	0	0	0	0	0	0.9247	0.06297	0.00256	0.00005	0	0	0	0	0	0	0	0	0	0
1.614	0	0	0	0	0	0	0	0	0	0	0	0.89079	0.09134	0.00264	0.00012	0	0	0	0	0	0	0	0	0	0
1.616	0	0	0	0	0	0	0	0	0	0	0	0.85541	0.12352	0.00268	0.00018	0	0	0	0	0	0	0	0	0	0
1.618	0	0	0	0	0	0	0	0	0	0	0	0.819	0.15775	0.00282	0.00017	0	0	0	0	0	0	0	0	0	0
1.62	0	0	0	0	0	0	0	0	0	0	0	0.782	0.19368	0.00295	0.00019	0	0	0	0	0	0	0	0	0	0
1.622	0	0	0	0	0	0	0	0	0	0	0	0.74277	0.23117	0.00311	0.00024	0	0	0	0	0	0	0	0	0	0
1.624	0	0	0	0	0	0	0	0	0	0	0	0.69991	0.27061	0.00325	0.00022	0	0	0	0	0	0	0	0	0	0
1.626	0	0	0	0	0	0	0	0	0	0	0	0.65279	0.31274	0.00336	0.00018	0	0	0	0	0	0	0	0	0	0
1.628	0	0	0	0	0	0	0	0	0	0	0	0.60164	0.35911	0.00336	0.00022	0	0	0	0	0	0	0	0	0	0
1.63	0	0	0	0	0	0	0	0	0	0	0	0.54813	0.40918	0.00348	0.00029	0	0	0	0	0	0	0	0	0	0
1.632	0	0	0	0	0	0	0	0	0	0	0	0.49327	0.46212	0.00363	0.00034	0	0	0	0	0	0	0	0	0	0
1.634	0	0	0	0	0	0	0	0	0	0	0	0.43812	0.51634	0.0038	0.00029	0	0	0	0	0	0	0	0	0	0
1.636	0	0	0	0	0	0	0	0	0	0	0	0.38468	0.57119	0.0039	0.00029	0	0	0	0	0	0	0	0	0	0
1.638	0	0	0	0	0	0	0	0	0	0	0	0.33321	0.62436	0.00407	0.00031	0	0	0	0	0	0	0	0	0	0
1.64	0	0	0	0	0	0	0	0	0	0	0	0.28421	0.6753	0.00422	0.00028	0	0	0	0	0	0	0	0	0	0
1.642	0	0	0	0	0	0	0	0	0	0	0	0.23776	0.72258	0.00434	0.00028	0	0	0	0	0	0	0	0	0	0
1.644	0	0	0	0	0	0	0	0	0	0	0	0.19339	0.76727	0.00434	0.0003	0	0	0	0	0	0	0	0	0	0
1.646	0	0	0	0	0	0	0	0	0	0	0	0.15215	0.80895	0.00445	0.00034	0	0	0	0	0	0	0	0	0	0
1.648	0	0	0	0	0	0	0	0	0	0	0	0.11434	0.84815	0.00458	0.00038	0	0	0	0	0	0	0	0	0	0
1.65	0	0	0	0	0	0	0	0	0	0	0	0.0809	0.88437	0.00469	0.00033	0	0	0	0	0	0	0	0	0	0
1.652	0	0	0	0	0	0	0	0	0	0	0	0.05319	0.91794	0.00484	0.00037	0	0	0	0	0	0	0	0	0	0
1.654	0	0	0	0	0	0	0	0	0	0	0	0.03194	0.94693	0.00503	0.00038	0	0	0	0	0	0	0	0	0	0
1.656	0	0	0	0	0	0	0	0	0	0	0	0.01725	0.97172	0.00509	0.00042	0	0	0	0	0	0	0	0	0	0
1.658	0	0	0	0	0	0	0	0	0	0	0	0.0086	0.98978	0.00499	0.00047	0	0	0	0	0	0	0	0	0	0
1.66	0	0	0	0	0	0	0	0	0	0	0	0.00441	0.99988	0.00505	0.00051	0	0	0	0	0	0	0	0	0	0
1.662	0	0	0	0	0	0	0	0	0	0	0	0.00321	1	0.00667	0.00061	0	0	0	0	0	0	0	0	0	0
1.664	0	0	0	0	0	0	0	0	0	0	0	0.0033	0.99065	0.01155	0.00066	0	0	0	0	0	0	0	0	0	0
1.666	0	0	0	0	0	0	0	0	0	0	0	0.00342	0.9724	0.02121	0.0007	0	0	0	0	0	0	0	0	0	0
1.668	0	0	0	0	0	0	0	0	0	0	0	0.00325	0.94664	0.03703	0.00083	0	0	0	0	0	0	0	0	0	0
1.67	0	0	0	0	0	0	0	0	0	0	0	0.00307	0.91605	0.05926	0.00082	0	0	0	0	0	0	0	0	0	0
1.672	0	0	0	0	0	0	0	0	0	0	0	0.00284	0.88314	0.08664	0.00075	0	0	0	0	0	0	0	0	0	0
1.674	0	0	0	0	0	0	0	0	0	0	0	0.00278	0.84874	0.11745	0.00091	0	0	0	0	0	0	0	0	0	0
1.676	0	0	0	0	0	0	0	0	0	0	0	0.00264	0.81274	0.1503	0.00095	0	0	0	0	0	0	0	0	0	0
1.678	0	0	0	0	0	0	0	0	0	0	0	0.00256	0.77481	0.18491	0.00122	0	0	0	0	0	0	0	0	0	0
1.68	0	0	0	0	0	0	0	0	0	0	0	0.00239	0.73394	0.22144	0.00127	0	0	0	0	0	0	0	0	0	0
1.682	0	0	0	0	0	0	0	0	0	0	0	0.00224	0.68888	0.26075	0.00142	0	0	0	0	0	0	0	0	0	0
1.684	0	0	0	0	0	0	0	0	0	0	0	0.00213	0.63915	0.30427	0.00156	0	0	0	0	0	0	0	0	0	0
1.686	0	0	0	0	0	0	0	0	0	0	0	0.00208	0.58598	0.35204	0.00165	0	0	0	0	0	0	0	0	0	0
1.688	0	0	0	0	0	0	0	0	0	0	0	0.00206	0.53002	0.40372	0.00178	0	0	0	0	0	0	0	0	0	0
1.69	0	0	0	0	0	0	0	0	0	0	0	0.00212	0.47297	0.45804	0.00202	0	0	0	0	0	0	0	0	0	0
1.692	0	0	0	0	0	0	0	0	0	0	0	0.00214	0.41617	0.5144	0.0021	0	0	0	0	0	0	0	0	0	0
1.694	0	0	0	0	0	0	0	0	0	0	0	0.00226	0.36055	0.57202	0.00232	0	0	0	0	0	0	0	0	0	0
1.696	0	0	0	0	0	0	0	0	0	0	0	0.00222	0.30655	0.62934	0.00227	0	0	0	0	0	0	0	0	0	0
1.698	0	0	0	0	0	0	0	0	0	0	0	0.00205	0.25458	0.68504	0.00231	0	0	0	0	0	0	0	0	0	0
1.7	0	0	0	0	0	0	0	0	0	0	0	0.0018	0.20526	0.73838	0.00229	0.00319	0.00522	0	0	0	0	0	0	0	0
1.702	0	0	0	0	0	0	0	0	0	0	0	0.00151	0.15908	0.78789	0.00245	0.00319	0.00522	0	0	0	0	0	0	0	0
1.704	0	0	0	0	0	0	0	0	0	0	0	0.00125	0.1168	0.83433	0.00269	0.00319	0.00522	0	0	0	0	0	0	0	0
1.706	0	0	0	0	0	0	0	0	0	0	0	0.00107	0.07926	0.87613	0.00285	0.00319	0.00522	0	0	0	0	0	0	0	0
1.708	0	0	0	0	0	0	0	0	0	0	0	0.001	0.04854	0.91396	0.00309	0.00319	0.00522	0	0	0	0	0	0	0	0
1.71	0	0	0	0	0	0	0	0	0	0	0	0.0011	0.0257	0.94661	0.00335	0.00319	0.00522	0	0	0	0	0	0	0	0
1.712	0	0	0	0	0	0	0	0	0	0	0	0.0011	0.01106	0.97288	0.00352	0.00319	0.00522	0	0	0	0	0	0	0	0
1.714	0	0	0	0	0	0	0	0	0	0	0	0.0011	0.00342	0.99107	0.00331	0.00319	0.00522	0	0	0	0	0	0	0	0
1.716	0	0	0	0	0	0	0	0	0	0	0	0.0011	0.00096	1	0.00275	0.00483	0.00526	0	0	0	0	0	0	0	0
1.718	0	0	0	0	0	0	0	0	0	0	0	0.0011	0.00111	0.99834	0.0038	0.00497	0.00526	0	0	0	0	0	0	0	0
1.72	0	0	0	0	0	0	0	0	0	0	0	0.0011	0.00179	0.98752	0.00851	0.00505	0.00526	0	0	0	0	0	0	0	0
1.722	0	0	0	0	0	0	0	0	0	0	0	0.0011	0.00183	0.96693	0.01881	0.00508	0.00526	0	0	0	0	0	0	0	0
1.724	0	0	0	0	0	0	0	0	0	0	0	0.00113	0.00155	0.93911	0.0364	0.00505	0.00525	0	0	0	0	0	0	0	0
1.726	0	0	0	0	0	0	0	0	0	0	0	0.00107	0.0012	0.90401	0.06166	0.00513	0.00525	0	0	0	0	0	0	0	0
1.728	0	0	0	0	0	0	0	0	0	0	0	0.00105	0.00097	0.86562	0.09378	0.00522	0.00524	0	0	0	0	0	0	0	0
1.73	0	0	0	0	0	0	0	0	0	0	0	0.00108	0.00083	0.8247	0.13025	0.00533	0.00524	0	0	0	0	0	0	0	0
1.732	0	0	0	0	0	0	0	0	0	0	0	0.00107	0.00086	0.7824	0.16933	0.00545	0.00524	0	0	0	0	0	0	0	0
1.734	0	0	0	0	0	0	0	0	0	0	0	0.00104	0.00081	0.73746	0.21013	0.00559	0.00525	0	0	0	0	0	0	0	0
1.736	0	0	0	0	0	0	0	0	0	0	0	0.00099	0.00084	0.68959	0.25343	0.00574	0.00528	0	0	0	0	0	0	0	0
1.738	0	0	0	0	0	0	0	0	0	0	0	0.00093	0.00086	0.63778	0.29967	0.0059	0.00531	0	0	0	0	0	0	0	0
1.74	0	0	0	0	0	0	0	0	0	0	0	0.00089	0.00075	0.58274	0.34992	0.00607	0.00534	0	0	0	0	0	0	0	0
1.742	0	0	0	0	0	0	0	0	0	0	0	0.00079	0.00071	0.5247	0.40407	0.00625	0.00537	0	0	0	0	0	0	0	0
1.744	0	0	0	0	0	0	0	0	0	0	0	0.00076	0.00069	0.46568	0.46136	0.00643	0.00541	0	0	0	0	0	0	0	0
1.746	0	0	0	0	0	0	0	0	0	0	0	0.0008	0.00056	0.40593	0.52004	0.0066	0.00544	0	0	0	0	0	0	0	0
1.748	0	0	0	0	0	0	0	0	0	0	0	0.0008	0.00046	0.34741	0.58026	0.00676	0.00547	0	0	0	0	0	0	0	0
1.75	0	0	0	0	0	0	0	0	0	0	0	0.0008	0.00044	0.29082	0.63994	0.00693	0.0055	0.00406	0.00005	0	0	0	0	0	0
1.752	0	0	0	0	0	0	0	0	0	0	0	0.0008	0.00038	0.23737	0.69815	0.00713	0.00553	0.00406	0.00005	0	0	0	0	0	0
1.754	0	0	0	0	0	0	0	0	0	0	0	0.0008	0.0003	0.18826	0.75362	0.0074	0.00555	0.00406	0.00005	0	0	0	0	0	0
1.756	0	0	0	0	0	0	0	0	0	0	0	0.0008	0.00028	0.14397	0.80473	0.00761	0.00557	0.00406	0.00005	0	0	0	0	0	0
1.758	0	0	0	0	0	0	0	0	0	0	0	0.0008	0.00032	0.10536	0.8521	0.00757	0.00558	0.00406	0.00005	0	0	0	0	0	0
1.76	0	0	0	0	0	0	0	0	0	0	0	0.00076	0.00032	0.07185	0.89108	0.00706	0.00558	0.00406	0.00005	0	0	0	0	0	0
1.762	0	0	0	0	0	0	0	0	0	0	0	0.00082	0.00022	0.04447	0.92506	0.00605	0.0056	0.00406	0.00005	0	0	0	0	0	0
1.764	0	0	0	0	0	0	0	0	0	0	0	0.00087	0.00016	0.02418	0.95347	0.00458	0.00563	0.00406	0.00005	0	0	0	0	0	0
1.766	0	0	0	0	0	0	0	0	0	0	0	0.00089	0.00013	0.01131	0.97625	0.00317	0.00566	0.00476	0.00005	0	0	0	0	0	0
1.768	0	0	0	0	0	0	0	0	0	0	0	0.0009	0.00002	0.00471	0.99261	0.00264	0.00569	0.00481	0.00005	0	0	0	0	0	0
1.77	0	0	0	0	0	0	0	0	0	0	0	0.00089	0	0.00276	1	0.00403	0.00572	0.00484	0.00005	0	0	0	0	0	0
1.772	0	0	0	0	0	0	0	0	0	0	0	0.00087	0.00004	0.00281	0.99972	0.0084	0.00575	0.00484	0.00005	0	0	0	0	0	0
1.774	0	0	0	0	0	0	0	0	0	0	0	0.00082	0.00004	0.00343	0.9935	0.01658	0.00579	0.00482	0.00005	0	0	0	0	0	0
1.776	0	0	0	0	0	0	0	0	0	0	0	0.00075	0.00004	0.00349	0.97765	0.02911	0.00584	0.00483	0.00005	0	0	0	0	0	0
1.778	0	0	0	0	0	0	0	0	0	0	0	0.0008	0.00004	0.00328	0.95737	0.04668	0.00591	0.00482	0.00005	0	0	0	0	0	0
1.78	0	0	0	0	0	0	0	0	0	0	0	0.00082	0.00004	0.00304	0.92891	0.06967	0.00601	0.0048	0.00005	0	0	0	0	0	0
1.782	0	0	0	0	0	0	0	0	0	0	0	0.00084	0.00004	0.00294	0.89725	0.09755	0.00612	0.00479	0.00005	0	0	0	0	0	0
1.784	0	0	0	0	0	0	0	0	0	0	0	0.00083	0.00004	0.00282	0.86173	0.13207	0.00625	0.00481	0.00005	0	0	0	0	0	0
1.786	0	0	0	0	0	0	0	0	0	0	0	0.00092	0.00004	0.0028	0.82068	0.1719	0.00637	0.00485	0.00005	0	0	0	0	0	0
1.788	0	0	0	0	0	0	0	0	0	0	0	0.00098	0.00004	0.00274	0.77548	0.21586	0.00649	0.00491	0.00005	0	0	0	0	0	0
1.79	0	0	0	0	0	0	0	0	0	0	0	0.00101	0.00004	0.00273	0.72681	0.26372	0.00662	0.00498	0.00005	0	0	0	0	0	0
1.792	0	0	0	0	0	0	0	0	0	0	0	0.00101	0.00004	0.0027	0.67566	0.31332	0.00674	0.00504	0.00005	0	0	0	0	0	0
1.794	0	0	0	0	0	0	0	0	0	0	0	0	0.00004	0.00268	0.62	0.36646	0.00686	0.00511	0.00005	0	0	0	0	0	0
1.796	0	0	0	0	0	0	0	0	0	0	0	0	0.00004	0.00258	0.55808	0.42127	0.00697	0.00517	0.00005	0	0	0	0	0	0
1.798	0	0	0	0	0	0	0	0	0	0	0	0	0.00004	0.00262	0.50059	0.47982	0.00708	0.00525	0.00005	0	0	0	0	0	0
1.8	0	0	0	0	0	0	0	0	0	0	0	0	0.00004	0.00248	0.43472	0.54531	0.00719	0.00535	0.00005	0	0	0	0	0	0
1.802	0	0	0	0	0	0	0	0	0	0	0	0	0	0.00212	0.37044	0.60948	0.00728	0.00545	0.00005	0	0	0	0	0	0
1.804	0	0	0	0	0	0	0	0	0	0	0	0	0	0.00204	0.30729	0.67788	0.00739	0.00554	0.00005	0	0	0	0	0	0
1.806	0	0	0	0	0	0	0	0	0	0	0	0	0	0.00193	0.24787	0.74441	0.00753	0.00561	0.00005	0	0	0	0	0	0
1.808	0	0	0	0	0	0	0	0	0	0	0	0	0	0.00174	0.19566	0.80625	0.00773	0.00562	0.00005	0	0	0	0	0	0
1.81	0	0	0	0	0	0	0	0	0	0	0	0	0	0.00157	0.14679	0.86011	0.00782	0.00559	0.00005	0	0	0	0	0	0
1.812	0	0	0	0	0	0	0	0	0	0	0	0	0	0.00146	0.10392	0.89911	0.00738	0.00554	0.00005	0	0	0	0	0	0
1.814	0	0	0	0	0	0	0	0	0	0	0	0	0	0.00151	0.07115	0.93207	0.00662	0.00552	0.00005	0	0	0	0	0	0
1.816	0	0	0	0	0	0	0	0	0	0	0	0	0	0.00142	0.03884	0.95893	0.00553	0.00553	0.00005	0	0	0	0	0	0
1.818	0	0	0	0	0	0	0	0	0	0	0	0	0	0.00128	0.01904	0.97523	0.00453	0.00554	0.00005	0	0	0	0	0	0
1.82	0	0	0	0	0	0	0	0	0	0	0	0	0	0.00133	0.00679	0.99211	0.00499	0.00558	0.00005	0	0	0	0	0	0
1.822	0	0	0	0	0	0	0	0	0	0	0	0	0	0.00134	0.00106	1	0.00624	0.00563	0.00005	0	0	0	0	0	0
1.824	0	0	0	0	0	0	0	0	0	0	0	0	0	0.00125	0.00057	0.99543	0.007	0.00566	0.00005	0	0	0	0	0	0
1.826	0	0	0	0	0	0	0	0	0	0	0	0	0	0.0012	0.00084	0.98185	0.01072	0.00571	0.00005	0	0	0	0	0	0
1.828	0	0	0	0	0	0	0	0	0	0	0	0	0	0.00121	0.00153	0.956	0.01697	0.00576	0.00005	0	0	0	0	0	0
1.83	0	0	0	0	0	0	0	0	0	0	0	0	0	0.00122	0.00127	0.92597	0.0241	0.00585	0.00005	0	0	0	0	0	0
1.832	0	0	0	0	0	0	0	0	0	0	0	0	0	0.00124	0.00104	0.89298	0.03674	0.00594	0.00005	0	0	0	0	0	0
1.834	0	0	0	0	0	0	0	0	0	0	0	0	0	0.00125	0.00112	0.85551	0.05532	0.006	0.00005	0	0	0	0	0	0
1.836	0	0	0	0	0	0	0	0	0	0	0	0	0	0.00118	0.00082	0.82168	0.0774	0.00605	0.00005	0	0	0	0	0	0
1.838	0	0	0	0	0	0	0	0	0	0	0	0	0	0.00116	0.00059	0.78091	0.10585	0.00607	0.00005	0	0	0	0	0	0
1.84	0	0	0	0	0	0	0	0	0	0	0	0	0	0.00101	0.00055	0.73266	0.13633	0.00607	0.00005	0	0	0	0	0	0
1.842	0	0	0	0	0	0	0	0	0	0	0	0	0	0.001	0.0004	0.68237	0.17638	0.0061	0.00005	0	0	0	0	0	0
1.844	0	0	0	0	0	0	0	0	0	0	0	0	0	0.00105	0.00048	0.62769	0.21769	0.00612	0.00005	0	0	0	0	0	0
1.846	0	0	0	0	0	0	0	0	0	0	0	0	0	0.00105	0.00056	0.57764	0.26691	0.00619	0.00005	0	0	0	0	0	0
1.848	0	0	0	0	0	0	0	0	0	0	0	0	0	0.00108	0.00052	0.52999	0.32421	0.00629	0.00001	0	0	0	0	0	0
1.85	0	0	0	0	0	0	0	0	0	0	0	0	0	0.0011	0.00059	0.48427	0.37944	0.00638	0.00007	0	0	0	0	0	0
1.852	0	0	0	0	0	0	0	0	0	0	0	0	0	0.00112	0.00047	0.44378	0.43294	0.0065	0.00011	0	0	0	0	0	0
1.854	0	0	0	0	0	0	0	0	0	0	0	0	0	0.00111	0.00033	0.39568	0.48606	0.00661	0.00013	0	0	0	0	0	0
1.856	0	0	0	0	0	0	0	0	0	0	0	0	0	0.00108	0.00034	0.34238	0.53647	0.00673	0.00014	0	0	0	0	0	0
1.858	0	0	0	0	0	0	0	0	0	0	0	0	0	0.00109	0.00018	0.28719	0.59273	0.00694	0.00013	0	0	0	0	0	0
1.86	0	0	0	0	0	0	0	0	0	0	0	0	0	0.00106	0.0001	0.23016	0.64553	0.00711	0.00011	0	0	0	0	0	0
1.862	0	0	0	0	0	0	0	0	0	0	0	0	0	0.00104	0.00009	0.17854	0.71045	0.00748	0.00007	0	0	0	0	0	0
1.864	0	0	0	0	0	0	0	0	0	0	0	0	0	0.00106	0	0.13286	0.7799	0.00759	0.00001	0	0	0	0	0	0
1.866	0	0	0	0	0	0	0	0	0	0	0	0	0	0.00112	0.00005	0.09574	0.83923	0.0067	0.00005	0	0	0	0	0	0
1.868	0	0	0	0	0	0	0	0	0	0	0	0	0	0.00119	0.00005	0.06545	0.89343	0.00559	0.00005	0	0	0	0	0	0
1.87	0	0	0	0	0	0	0	0	0	0	0	0	0	0.00127	0.00005	0.03961	0.94084	0.00462	0.00001	0	0	0	0	0	0
1.872	0	0	0	0	0	0	0	0	0	0	0	0	0	0.00129	0.00005	0.0202	0.9751	0.00404	0.00004	0	0	0	0	0	0
1.874	0	0	0	0	0	0	0	0	0	0	0	0	0	0.00125	0.00005	0.0104	0.99837	0.00383	0.00009	0	0	0	0	0	0
1.876	0	0	0	0	0	0	0	0	0	0	0	0	0	0.00116	0.00005	0.00343	1	0.00462	0.0002	0	0	0	0	0	0
1.878	0	0	0	0	0	0	0	0	0	0	0	0	0	0.00107	0.00005	0	0.99623	0.00891	0.00024	0	0	0	0	0	0
1.88	0	0	0	0	0	0	0	0	0	0	0	0	0	0.00101	0.00005	0.00094	0.97523	0.01618	0.00025	0	0	0	0	0	0
1.882	0	0	0	0	0	0	0	0	0	0	0	0	0	0.00098	0.00005	0.00228	0.93052	0.02576	0.00033	0	0	0	0	0	0
1.884	0	0	0	0	0	0	0	0	0	0	0	0	0	0.00098	0.00005	0.0033	0.87961	0.04127	0.00037	0	0	0	0	0	0
1.886	0	0	0	0	0	0	0	0	0	0	0	0	0	0.001	0.00005	0.00489	0.82664	0.0626	0.00034	0	0	0	0	0	0
1.888	0	0	0	0	0	0	0	0	0	0	0	0	0	0.00102	0.00005	0.00552	0.77247	0.09181	0.0004	0	0	0	0	0	0
1.89	0	0	0	0	0	0	0	0	0	0	0	0	0	0.00101	0.00005	0.00609	0.72359	0.12767	0.00048	0	0	0	0	0	0
1.892	0	0	0	0	0	0	0	0	0	0	0	0	0	0.001	0.00005	0.00602	0.67803	0.17134	0.00058	0	0	0	0	0	0
1.894	0	0	0	0	0	0	0	0	0	0	0	0	0	0.00101	0.00005	0.00611	0.64846	0.2269	0.00058	0	0	0	0	0	0
1.896	0	0	0	0	0	0	0	0	0	0	0	0	0	0.00104	0.00005	0.00611	0.61429	0.28623	0.00065	0	0	0	0	0	0
1.898	0	0	0	0	0	0	0	0	0	0	0	0	0	0.00107	0.00005	0.00611	0.57498	0.35144	0.00084	0	0	0	0	0	0
1.9	0	0	0	0	0	0	0	0	0	0	0	0	0	0.00114	0.00005	0.00613	0.53979	0.41576	0.00082	0	0	0	0	0	0
1.902	0	0	0	0	0	0	0	0	0	0	0	0	0	0.00121	0.00005	0.00613	0.49935	0.48237	0.00105	0	0	0	0	0	0
1.904	0	0	0	0	0	0	0	0	0	0	0	0	0	0.00124	0.00005	0.00608	0.45263	0.54657	0.00111	0	0	0	0	0	0
1.906	0	0	0	0	0	0	0	0	0	0	0	0	0	0.00123	0.00005	0.00598	0.39866	0.60647	0.00129	0	0	0	0	0	0
1.908	0	0	0	0	0	0	0	0	0	0	0	0	0	0.00122	0.00005	0.00584	0.34053	0.66388	0.00165	0	0	0	0	0	0
1.91	0	0	0	0	0	0	0	0	0	0	0	0	0	0.00121	0.00005	0.00569	0.28502	0.71883	0.00172	0	0	0	0	0	0
1.912	0	0	0	0	0	0	0	0	0	0	0	0	0	0.00117	0.00005	0.0055	0.22532	0.76537	0.00198	0	0	0	0	0	0
1.914	0	0	0	0	0	0	0	0	0	0	0	0	0	0.00117	0.00005	0.0053	0.16873	0.80963	0.00193	0	0	0	0	0	0
1.916	0	0	0	0	0	0	0	0	0	0	0	0	0	0.00119	0.00005	0.00511	0.12301	0.84703	0.00199	0	0	0	0	0	0
1.918	0	0	0	0	0	0	0	0	0	0	0	0	0	0.00119	0.00005	0.00494	0.08435	0.88222	0.00195	0	0	0	0	0	0
1.92	0	0	0	0	0	0	0	0	0	0	0	0	0	0.00117	0.00005	0.00478	0.05312	0.91126	0.00179	0	0	0	0	0	0
1.922	0	0	0	0	0	0	0	0	0	0	0	0	0	0.00115	0.00005	0.00466	0.02932	0.93626	0.00189	0	0	0	0	0	0
1.924	0	0	0	0	0	0	0	0	0	0	0	0	0	0.00115	0.00005	0.00458	0.01382	0.9592	0.00196	0	0	0	0	0	0
1.926	0	0	0	0	0	0	0	0	0	0	0	0	0	0.00113	0.00005	0.00454	0.00583	0.97939	0.00178	0	0	0	0	0	0
1.928	0	0	0	0	0	0	0	0	0	0	0	0	0	0.00109	0.00005	0.00451	0.00133	0.99142	0.00131	0	0	0	0	0	0
1.93	0	0	0	0	0	0	0	0	0	0	0	0	0	0.00108	0.00005	0.00452	0	1	0.00205	0	0	0	0	0	0
1.932	0	0	0	0	0	0	0	0	0	0	0	0	0	0.00108	0.00005	0.00453	0.00108	0.99844	0.00683	0	0	0	0	0	0
1.934	0	0	0	0	0	0	0	0	0	0	0	0	0	0.00108	0.00005	0.00454	0.00253	0.99113	0.01883	0	0	0	0	0	0
1.936	0	0	0	0	0	0	0	0	0	0	0	0	0	0.00108	0.00005	0.00454	0.00424	0.9732	0.03975	0	0	0	0	0	0
1.938	0	0	0	0	0	0	0	0	0	0	0	0	0	0.00106	0.00005	0.00454	0.0052	0.94719	0.06818	0	0	0	0	0	0
1.94	0	0	0	0	0	0	0	0	0	0	0	0	0	0.00106	0.00005	0.00453	0.00589	0.9148	0.1063	0	0	0	0	0	0
1.942	0	0	0	0	0	0	0	0	0	0	0	0	0	0.00112	0.00005	0.00452	0.00628	0.87571	0.14729	0	0	0	0	0	0
1.944	0	0	0	0	0	0	0	0	0	0	0	0	0	0	0.00005	0.00449	0.00617	0.82902	0.19173	0	0	0	0	0	0
1.946	0	0	0	0	0	0	0	0	0	0	0	0	0	0	0.00005	0.00446	0.00613	0.77961	0.24034	0	0	0	0	0	0
1.948	0	0	0	0	0	0	0	0	0	0	0	0	0	0	0.00005	0.00443	0.006	0.7219	0.29042	0	0	0	0	0	0
1.95	0	0	0	0	0	0	0	0	0	0	0	0	0	0	0.00005	0.00439	0.00595	0.66344	0.34448	0	0.00005	0	0	0	0
1.952	0	0	0	0	0	0	0	0	0	0	0	0	0	0	0	0.00434	0.0059	0.59883	0.40033	0	0.00005	0	0	0	0
1.954	0	0	0	0	0	0	0	0	0	0	0	0	0	0	0	0.00429	0.00586	0.53371	0.46084	0	0.00005	0	0	0	0
1.956	0	0	0	0	0	0	0	0	0	0	0	0	0	0	0	0.00424	0.0058	0.46721	0.52128	0	0.00005	0	0	0	0
1.958	0	0	0	0	0	0	0	0	0	0	0	0	0	0	0	0.00419	0.00574	0.40067	0.58014	0.00154	0.00005	0	0	0	0
1.96	0	0	0	0	0	0	0	0	0	0	0	0	0	0	0	0.00416	0.00568	0.33713	0.64171	0.00157	0.00005	0	0	0	0
1.962	0	0	0	0	0	0	0	0	0	0	0	0	0	0	0	0.00413	0.00563	0.27713	0.70252	0.00158	0.00005	0	0	0	0
1.964	0	0	0	0	0	0	0	0	0	0	0	0	0	0	0	0.0041	0.00557	0.22045	0.76152	0.00164	0.00005	0	0	0	0
1.966	0	0	0	0	0	0	0	0	0	0	0	0	0	0	0	0.00409	0.00552	0.16842	0.81904	0.00168	0.00005	0	0	0	0
1.968	0	0	0	0	0	0	0	0	0	0	0	0	0	0	0	0.00408	0.00547	0.12287	0.86967	0.0017	0.00005	0	0	0	0
1.97	0	0	0	0	0	0	0	0	0	0	0	0	0	0	0	0.00408	0.00541	0.08478	0.91639	0.00166	0.00005	0	0	0	0
1.972	0	0	0	0	0	0	0	0	0	0	0	0	0	0	0	0.00408	0.00537	0.05422	0.95225	0.00162	0.00005	0	0	0	0
1.974	0	0	0	0	0	0	0	0	0	0	0	0	0	0	0	0.0041	0.00532	0.03154	0.97725	0.00167	0.00005	0	0	0	0
1.976	0	0	0	0	0	0	0	0	0	0	0	0	0	0	0	0.00412	0.00529	0.01563	0.9939	0.00171	0.00005	0	0	0	0
1.978	0	0	0	0	0	0	0	0	0	0	0	0	0	0	0	0.00413	0.00527	0.00583	1	0.00175	0.00005	0	0	0	0
1.98	0	0	0	0	0	0	0	0	0	0	0	0	0	0	0	0.00415	0.00525	0.00113	0.99682	0.00184	0.00005	0	0	0	0
1.982	0	0	0	0	0	0	0	0	0	0	0	0	0	0	0	0.00415	0.00524	0	0.9847	0.00187	0.00005	0	0	0	0
1.984	0	0	0	0	0	0	0	0	0	0	0	0	0	0	0	0.00416	0.00524	0.00101	0.9589	0.00192	0.00005	0	0	0	0
1.986	0	0	0	0	0	0	0	0	0	0	0	0	0	0	0	0.00415	0.00525	0.00283	0.92589	0.00195	0.00005	0	0	0	0
1.988	0	0	0	0	0	0	0	0	0	0	0	0	0	0	0	0.00414	0.00525	0.00467	0.88466	0.00201	0.00005	0	0	0	0
1.99	0	0	0	0	0	0	0	0	0	0	0	0	0	0	0	0.00414	0.00525	0.00598	0.83515	0.00209	0.00002	0	0	0	0
1.992	0	0	0	0	0	0	0	0	0	0	0	0	0	0	0	0.00414	0.00526	0.0067	0.78349	0.00216	0.00006	0	0	0	0
1.994	0	0	0	0	0	0	0	0	0	0	0	0	0	0	0	0.00414	0.00526	0.00695	0.72983	0.00221	0.0001	0	0	0	0
1.996	0	0	0	0	0	0	0	0	0	0	0	0	0	0	0	0.00416	0.00526	0.00694	0.67505	0.00222	0.00009	0	0	0	0
1.998	0	0	0	0	0	0	0	0	0	0	0	0	0	0	0	0.00417	0.00526	0.00684	0.62011	0.0022	0.00014	0	0	0	0
2	0	0	0	0	0	0	0	0	0	0	0	0	0	0	0	0.00419	0.00526	0.00676	0.56291	0.00218	0.00017	0	0	0	0
2.002	0	0	0	0	0	0	0	0	0	0	0	0	0	0	0	0.0042	0.00526	0.00669	0.50695	0.00223	0.00017	0	0	0	0
2.004	0	0	0	0	0	0	0	0	0	0	0	0	0	0	0	0.00421	0.00526	0.0066	0.45018	0.00234	0.00011	0	0	0	0
2.006	0	0	0	0	0	0	0	0	0	0	0	0	0	0	0	0.00421	0.00526	0.00651	0.39433	0.0025	0.00011	0	0	0	0
2.008	0	0	0	0	0	0	0	0	0	0	0	0	0	0	0	0.00422	0.00526	0.00641	0.33879	0.00261	0.00015	0	0	0	0
2.01	0	0	0	0	0	0	0	0	0	0	0	0	0	0	0	0.00422	0.00526	0.00631	0.28412	0.0028	0.00013	0	0	0	0
2.012	0	0	0	0	0	0	0	0	0	0	0	0	0	0	0	0.00422	0.00526	0.00621	0.23129	0.003	0.00007	0	0	0	0
2.014	0	0	0	0	0	0	0	0	0	0	0	0	0	0	0	0.00422	0.00526	0.00608	0.18039	0.00319	0.00013	0	0	0	0
2.016	0	0	0	0	0	0	0	0	0	0	0	0	0	0	0	0.00422	0.00526	0.00594	0.13336	0.00327	0.00015	0	0	0	0
2.018	0	0	0	0	0	0	0	0	0	0	0	0	0	0	0	0.00422	0.00526	0.00581	0.09202	0.00337	0.00013	0	0	0	0
2.02	0	0	0	0	0	0	0	0	0	0	0	0	0	0	0	0.00421	0.00526	0.00568	0.05808	0.00355	0.00009	0	0	0	0
2.022	0	0	0	0	0	0	0	0	0	0	0	0	0	0	0	0.00421	0.00526	0.00559	0.03278	0.00368	0.00009	0	0	0	0
2.024	0	0	0	0	0	0	0	0	0	0	0	0	0	0	0	0.00422	0.00526	0.00552	0.01614	0.0037	0.00011	0	0	0	0
2.026	0	0	0	0	0	0	0	0	0	0	0	0	0	0	0	0.00423	0.00526	0.00549	0.00649	0.0037	0.00011	0	0	0	0
2.028	0	0	0	0	0	0	0	0	0	0	0	0	0	0	0	0.00431	0.00526	0.00548	0.00206	0.00355	0.00006	0	0	0	0
2.03	0	0	0	0	0	0	0	0	0	0	0	0	0	0	0	0.00434	0.00526	0.00545	0.00083	0.00393	0.00011	0	0	0	0
2.032	0	0	0	0	0	0	0	0	0	0	0	0	0	0	0	0.00432	0.00526	0.00543	0.00088	0.00694	0.00016	0	0	0	0
2.034	0	0	0	0	0	0	0	0	0	0	0	0	0	0	0	0.00426	0.00526	0.00541	0.00099	0.01492	0.00021	0	0	0	0
2.036	0	0	0	0	0	0	0	0	0	0	0	0	0	0	0	0.00319	0.00522	0.00538	0.00099	0.02955	0.00025	0	0	0	0
2.038	0	0	0	0	0	0	0	0	0	0	0	0	0	0	0	0.00319	0.00522	0.00537	0.0008	0.05134	0.00028	0	0	0	0
2.04	0	0	0	0	0	0	0	0	0	0	0	0	0	0	0	0.00319	0.00522	0.00534	0.00082	0.08044	0.00035	0	0	0	0
2.042	0	0	0	0	0	0	0	0	0	0	0	0	0	0	0	0.00319	0.00522	0.00535	0.0008	0.11608	0.00037	0	0	0	0
2.044	0	0	0	0	0	0	0	0	0	0	0	0	0	0	0	0.00319	0.00522	0.00535	0.00078	0.15684	0.00035	0	0	0	0
2.046	0	0	0	0	0	0	0	0	0	0	0	0	0	0	0	0.00319	0.00522	0.00534	0.00083	0.20138	0.00035	0	0	0	0
2.048	0	0	0	0	0	0	0	0	0	0	0	0	0	0	0	0.00319	0.00522	0.00535	0.0008	0.24889	0.00032	0	0	0	0
2.05	0	0	0	0	0	0	0	0	0	0	0	0	0	0	0	0.00319	0.00522	0.00536	0.00074	0.29955	0.00036	0	0.00009	0	0
2.052	0	0	0	0	0	0	0	0	0	0	0	0	0	0	0	0	0	0.00538	0.00068	0.35163	0.0004	0	0.00009	0	0
2.054	0	0	0	0	0	0	0	0	0	0	0	0	0	0	0	0	0	0.00542	0.00051	0.40488	0.00042	0	0.00009	0	0
2.056	0	0	0	0	0	0	0	0	0	0	0	0	0	0	0	0	0	0.00546	0.00043	0.45957	0.00042	0	0.00009	0	0
2.058	0	0	0	0	0	0	0	0	0	0	0	0	0	0	0	0	0	0.00551	0.00041	0.51555	0.00039	0.00104	0.00009	0	0
2.06	0	0	0	0	0	0	0	0	0	0	0	0	0	0	0	0	0	0.00555	0.00053	0.57256	0.00039	0.00106	0.00009	0	0
2.062	0	0	0	0	0	0	0	0	0	0	0	0	0	0	0	0	0	0.00558	0.00048	0.6309	0.00043	0.00109	0.00009	0	0
2.064	0	0	0	0	0	0	0	0	0	0	0	0	0	0	0	0	0	0.0056	0.00049	0.68959	0.00041	0.0011	0.00009	0	0
2.066	0	0	0	0	0	0	0	0	0	0	0	0	0	0	0	0	0	0.0056	0.00045	0.74777	0.00051	0.00111	0.00009	0	0
2.068	0	0	0	0	0	0	0	0	0	0	0	0	0	0	0	0	0	0.00558	0.00036	0.80443	0.00051	0.0011	0.00009	0	0
2.07	0	0	0	0	0	0	0	0	0	0	0	0	0	0	0	0	0	0.00556	0.00024	0.8573	0.00052	0.0011	0.00009	0	0
2.072	0	0	0	0	0	0	0	0	0	0	0	0	0	0	0	0	0	0.00554	0.00015	0.90391	0.00055	0.0011	0.00009	0	0
2.074	0	0	0	0	0	0	0	0	0	0	0	0	0	0	0	0	0	0.00553	0.00008	0.94274	0.00053	0.0011	0.00009	0	0
2.076	0	0	0	0	0	0	0	0	0	0	0	0	0	0	0	0	0	0.00551	0.00008	0.97124	0.00064	0.0011	0.00009	0	0
2.078	0	0	0	0	0	0	0	0	0	0	0	0	0	0	0	0	0	0.00547	0	0.99027	0.00073	0.0011	0.00009	0	0
2.08	0	0	0	0	0	0	0	0	0	0	0	0	0	0	0	0	0	0.00545	0.00005	1	0.00079	0.00099	0.00009	0	0
2.082	0	0	0	0	0	0	0	0	0	0	0	0	0	0	0	0	0	0.00542	0.00005	0.9997	0.00081	0.00116	0.00009	0	0
2.084	0	0	0	0	0	0	0	0	0	0	0	0	0	0	0	0	0	0.0054	0.00005	0.99068	0.0009	0.0013	0.00009	0	0
2.086	0	0	0	0	0	0	0	0	0	0	0	0	0	0	0	0	0	0.0054	0.00005	0.97286	0.00112	0.00128	0.00009	0	0
2.088	0	0	0	0	0	0	0	0	0	0	0	0	0	0	0	0	0	0.00539	0.00005	0.94463	0.00136	0.00152	0.00009	0	0
2.09	0	0	0	0	0	0	0	0	0	0	0	0	0	0	0	0	0	0.0054	0.00005	0.90882	0.0016	0.00165	0.00009	0	0
2.092	0	0	0	0	0	0	0	0	0	0	0	0	0	0	0	0	0	0.00538	0.00005	0.86476	0.00198	0.00156	0.00009	0	0
2.094	0	0	0	0	0	0	0	0	0	0	0	0	0	0	0	0	0	0.00536	0.00005	0.81661	0.00221	0.00155	0.00009	0	0
2.096	0	0	0	0	0	0	0	0	0	0	0	0	0	0	0	0	0	0.00535	0.00005	0.76563	0.00251	0.00154	0.00009	0	0
2.098	0	0	0	0	0	0	0	0	0	0	0	0	0	0	0	0	0	0.00535	0.00005	0.71266	0.00267	0.00185	0.00009	0	0
2.1	0	0	0	0	0	0	0	0	0	0	0	0	0	0	0	0	0	0.00535	0.00005	0.65748	0.003	0.00204	0.00009	0.00294	0
2.102	0	0	0	0	0	0	0	0	0	0	0	0	0	0	0	0	0	0.00538	0.00005	0.60132	0.00341	0.00216	0.00009	0.00294	0
2.104	0	0	0	0	0	0	0	0	0	0	0	0	0	0	0	0	0	0.0054	0.00005	0.54265	0.00372	0.00246	0.00009	0.00294	0
2.106	0	0	0	0	0	0	0	0	0	0	0	0	0	0	0	0	0	0.00544	0.00005	0.4834	0.00409	0.00262	0.00009	0.00294	0
2.108	0	0	0	0	0	0	0	0	0	0	0	0	0	0	0	0	0	0.00545	0.00005	0.42237	0.00437	0.00252	0.00009	0.00294	0
2.11	0	0	0	0	0	0	0	0	0	0	0	0	0	0	0	0	0	0.00546	0.00005	0.36103	0.00436	0.00255	0.00009	0.00294	0
2.112	0	0	0	0	0	0	0	0	0	0	0	0	0	0	0	0	0	0.00548	0.00005	0.29922	0.00385	0.0027	0.00009	0.00294	0
2.114	0	0	0	0	0	0	0	0	0	0	0	0	0	0	0	0	0	0.0055	0.00005	0.23877	0.00396	0.00285	0.00009	0.00294	0
2.116	0	0	0	0	0	0	0	0	0	0	0	0	0	0	0	0	0	0.00551	0.00005	0.1807	0.00748	0.00297	0.00009	0.00369	0
2.118	0	0	0	0	0	0	0	0	0	0	0	0	0	0	0	0	0	0.00551	0.00005	0.12807	0.01718	0.00306	0.00009	0.00375	0
2.12	0	0	0	0	0	0	0	0	0	0	0	0	0	0	0	0	0	0.00548	0.00005	0.08377	0.03486	0.00307	0.00009	0.00378	0
2.122	0	0	0	0	0	0	0	0	0	0	0	0	0	0	0	0	0	0.00545	0.00005	0.05012	0.0619	0.00311	0.00009	0.00378	0
2.124	0	0	0	0	0	0	0	0	0	0	0	0	0	0	0	0	0	0.00539	0.00005	0.02708	0.09827	0.00302	0.00009	0.00373	0
2.126	0	0	0	0	0	0	0	0	0	0	0	0	0	0	0	0	0	0.00534	0.00005	0.01358	0.14277	0.00296	0.00009	0.00374	0
2.128	0	0	0	0	0	0	0	0	0	0	0	0	0	0	0	0	0	0.00538	0.00005	0.00716	0.19249	0.003	0.00009	0.00374	0
2.13	0	0	0	0	0	0	0	0	0	0	0	0	0	0	0	0	0	0.00538	0.00005	0.00507	0.24483	0.003	0.00009	0.00375	0
2.132	0	0	0	0	0	0	0	0	0	0	0	0	0	0	0	0	0	0.00534	0.00005	0.00509	0.29904	0.00295	0.00009	0.00374	0
2.134	0	0	0	0	0	0	0	0	0	0	0	0	0	0	0	0	0	0.00527	0.00005	0.00531	0.35451	0.00298	0.00009	0.00373	0
2.136	0	0	0	0	0	0	0	0	0	0	0	0	0	0	0	0	0	0.00406	0.00005	0.00534	0.41074	0.00307	0.00009	0.00371	0
2.138	0	0	0	0	0	0	0	0	0	0	0	0	0	0	0	0	0	0.00406	0.00005	0.00513	0.46713	0.00319	0.00005	0.00369	0
2.14	0	0	0	0	0	0	0	0	0	0	0	0	0	0	0	0	0	0.00406	0.00005	0.00484	0.52448	0.00331	0.00011	0.00367	0
2.142	0	0	0	0	0	0	0	0	0	0	0	0	0	0	0	0	0	0.00406	0.00005	0.00446	0.583	0.00343	0.00015	0.00365	0
2.144	0	0	0	0	0	0	0	0	0	0	0	0	0	0	0	0	0	0.00406	0.00005	0.00427	0.6416	0.00343	0.00018	0.00365	0
2.146	0	0	0	0	0	0	0	0	0	0	0	0	0	0	0	0	0	0.00406	0.00005	0.00398	0.70016	0.0036	0.00019	0.00366	0
2.148	0	0	0	0	0	0	0	0	0	0	0	0	0	0	0	0	0	0.00406	0.00005	0.00378	0.75762	0.00357	0.00018	0.00367	0
2.15	0	0	0	0	0	0	0	0	0	0	0	0	0	0	0	0	0	0.00406	0.00005	0.00356	0.81231	0.00368	0.00015	0.00369	0
2.152	0	0	0	0	0	0	0	0	0	0	0	0	0	0	0	0	0	0	0	0.00345	0.86298	0.00385	0.00011	0.00371	0
2.154	0	0	0	0	0	0	0	0	0	0	0	0	0	0	0	0	0	0	0	0.00323	0.90763	0.00396	0.00005	0.00372	0
2.156	0	0	0	0	0	0	0	0	0	0	0	0	0	0	0	0	0	0	0	0.00304	0.94468	0.00415	0.00009	0.00373	0
2.158	0	0	0	0	0	0	0	0	0	0	0	0	0	0	0	0	0	0	0	0.00273	0.97307	0.00416	0.00005	0.00374	0
2.16	0	0	0	0	0	0	0	0	0	0	0	0	0	0	0	0	0	0	0	0.00264	0.99165	0.00364	0.00007	0.00375	0
2.162	0	0	0	0	0	0	0	0	0	0	0	0	0	0	0	0	0	0	0	0.00253	1	0.00305	0.00014	0.00375	0
2.164	0	0	0	0	0	0	0	0	0	0	0	0	0	0	0	0	0	0	0	0.00253	0.99645	0.00407	0.00023	0.00375	0
2.166	0	0	0	0	0	0	0	0	0	0	0	0	0	0	0	0	0	0	0	0.00253	0.97993	0.01007	0.00034	0.00376	0
2.168	0	0	0	0	0	0	0	0	0	0	0	0	0	0	0	0	0	0	0	0.00271	0.95184	0.02395	0.00047	0.00376	0
2.17	0	0	0	0	0	0	0	0	0	0	0	0	0	0	0	0	0	0	0	0.00264	0.91408	0.04733	0.00047	0.00377	0
2.172	0	0	0	0	0	0	0	0	0	0	0	0	0	0	0	0	0	0	0	0.00243	0.86802	0.08069	0.00045	0.00379	0
2.174	0	0	0	0	0	0	0	0	0	0	0	0	0	0	0	0	0	0	0	0.00212	0.81683	0.1229	0.00039	0.00382	0
2.176	0	0	0	0	0	0	0	0	0	0	0	0	0	0	0	0	0	0	0	0.00178	0.76279	0.17123	0.00038	0.00385	0
2.178	0	0	0	0	0	0	0	0	0	0	0	0	0	0	0	0	0	0	0	0.00148	0.70708	0.22206	0.00039	0.00388	0
2.18	0	0	0	0	0	0	0	0	0	0	0	0	0	0	0	0	0	0	0	0.00126	0.65134	0.27465	0.00042	0.0039	0
2.182	0	0	0	0	0	0	0	0	0	0	0	0	0	0	0	0	0	0	0	0.00117	0.59512	0.32795	0.00046	0.00392	0
2.184	0	0	0	0	0	0	0	0	0	0	0	0	0	0	0	0	0	0	0	0.0013	0.53948	0.3814	0.00052	0.00392	0
2.186	0	0	0	0	0	0	0	0	0	0	0	0	0	0	0	0	0	0	0	0.00131	0.48445	0.43444	0.00049	0.00394	0
2.188	0	0	0	0	0	0	0	0	0	0	0	0	0	0	0	0	0	0	0	0.00134	0.42977	0.48785	0.00049	0.00396	0
2.19	0	0	0	0	0	0	0	0	0	0	0	0	0	0	0	0	0	0	0	0.00141	0.37579	0.54132	0.00044	0.00399	0
2.192	0	0	0	0	0	0	0	0	0	0	0	0	0	0	0	0	0	0	0	0.0014	0.32228	0.59427	0.00047	0.00401	0
2.194	0	0	0	0	0	0	0	0	0	0	0	0	0	0	0	0	0	0	0	0.00133	0.26921	0.64719	0.00056	0.00403	0
2.196	0	0	0	0	0	0	0	0	0	0	0	0	0	0	0	0	0	0	0	0.00118	0.21774	0.70187	0.00067	0.00405	0
2.198	0	0	0	0	0	0	0	0	0	0	0	0	0	0	0	0	0	0	0	0.00112	0.16858	0.75617	0.0008	0.00407	0
2.2	0	0	0	0	0	0	0	0	0	0	0	0	0	0	0	0	0	0	0	0.00101	0.12347	0.80846	0.00092	0.00408	0
2.202	0	0	0	0	0	0	0	0	0	0	0	0	0	0	0	0	0	0	0	0.00103	0.08388	0.85836	0.00096	0.00411	0
2.204	0	0	0	0	0	0	0	0	0	0	0	0	0	0	0	0	0	0	0	0.00107	0.05182	0.90365	0.00102	0.00414	0
2.206	0	0	0	0	0	0	0	0	0	0	0	0	0	0	0	0	0	0	0	0.00113	0.02861	0.94149	0.00087	0.00418	0
2.208	0	0	0	0	0	0	0	0	0	0	0	0	0	0	0	0	0	0	0	0.0011	0.01345	0.97021	0.0007	0.0042	0
2.21	0	0	0	0	0	0	0	0	0	0	0	0	0	0	0	0	0	0	0	0.00104	0.00497	0.99006	0.00016	0.0042	0
2.212	0	0	0	0	0	0	0	0	0	0	0	0	0	0	0	0	0	0	0	0.00095	0.0013	1	0	0.00418	0
2.214	0	0	0	0	0	0	0	0	0	0	0	0	0	0	0	0	0	0	0	0.00092	0.00052	0.99785	0.0022	0.00415	0
2.216	0	0	0	0	0	0	0	0	0	0	0	0	0	0	0	0	0	0	0	0.00095	0.00073	0.98415	0.00944	0.00414	0
2.218	0	0	0	0	0	0	0	0	0	0	0	0	0	0	0	0	0	0	0	0.00107	0.00092	0.96017	0.0238	0.00417	0
2.22	0	0	0	0	0	0	0	0	0	0	0	0	0	0	0	0	0	0	0	0.00112	0.0009	0.92673	0.04658	0.00425	0
2.222	0	0	0	0	0	0	0	0	0	0	0	0	0	0	0	0	0	0	0	0.00114	0.00097	0.88633	0.07801	0.00437	0
2.224	0	0	0	0	0	0	0	0	0	0	0	0	0	0	0	0	0	0	0	0.00112	0.00091	0.84181	0.11676	0.00452	0
2.226	0	0	0	0	0	0	0	0	0	0	0	0	0	0	0	0	0	0	0	0.00108	0.00089	0.79498	0.15998	0.00469	0
2.228	0	0	0	0	0	0	0	0	0	0	0	0	0	0	0	0	0	0	0	0.00099	0.0008	0.7463	0.20646	0.00487	0
2.23	0	0	0	0	0	0	0	0	0	0	0	0	0	0	0	0	0	0	0	0.00094	0.00069	0.69555	0.25499	0.00505	0
2.232	0	0	0	0	0	0	0	0	0	0	0	0	0	0	0	0	0	0	0	0.00112	0.00065	0.64258	0.30529	0.00523	0
2.234	0	0	0	0	0	0	0	0	0	0	0	0	0	0	0	0	0	0	0	0.00116	0.00055	0.58711	0.35715	0.00539	0
2.236	0	0	0	0	0	0	0	0	0	0	0	0	0	0	0	0	0	0	0	0.00128	0.00039	0.52998	0.41046	0.00554	0
2.238	0	0	0	0	0	0	0	0	0	0	0	0	0	0	0	0	0	0	0	0.00133	0.00039	0.47133	0.46493	0.00568	0
2.24	0	0	0	0	0	0	0	0	0	0	0	0	0	0	0	0	0	0	0	0.00127	0.00032	0.41188	0.52077	0.00577	0
2.242	0	0	0	0	0	0	0	0	0	0	0	0	0	0	0	0	0	0	0	0.00123	0.00023	0.3519	0.57786	0.00581	0
2.244	0	0	0	0	0	0	0	0	0	0	0	0	0	0	0	0	0	0	0	0.00122	0.00016	0.29228	0.63681	0.00583	0
2.246	0	0	0	0	0	0	0	0	0	0	0	0	0	0	0	0	0	0	0	0.0012	0.00012	0.23407	0.69636	0.00583	0
2.248	0	0	0	0	0	0	0	0	0	0	0	0	0	0	0	0	0	0	0	0.00131	0.00013	0.17885	0.75511	0.00584	0
2.25	0	0	0	0	0	0	0	0	0	0	0	0	0	0	0	0	0	0	0	0.00128	0.00008	0.12864	0.81168	0.00586	0
2.252	0	0	0	0	0	0	0	0	0	0	0	0	0	0	0	0	0	0	0	0.00132	0	0.08581	0.86316	0.00594	0
2.254	0	0	0	0	0	0	0	0	0	0	0	0	0	0	0	0	0	0	0	0.00124	0.00005	0.05223	0.90832	0.00607	0
2.256	0	0	0	0	0	0	0	0	0	0	0	0	0	0	0	0	0	0	0	0.0011	0.00005	0.02834	0.9451	0.00615	0
2.258	0	0	0	0	0	0	0	0	0	0	0	0	0	0	0	0	0	0	0	0.00103	0.00005	0.01342	0.97373	0.00594	0
2.26	0	0	0	0	0	0	0	0	0	0	0	0	0	0	0	0	0	0	0	0.00103	0.00005	0.00566	0.99263	0.00519	0
2.262	0	0	0	0	0	0	0	0	0	0	0	0	0	0	0	0	0	0	0	0.00097	0.00005	0.00311	1	0.00384	0
2.264	0	0	0	0	0	0	0	0	0	0	0	0	0	0	0	0	0	0	0	0.00104	0.00005	0.00309	0.99544	0.00207	0
2.266	0	0	0	0	0	0	0	0	0	0	0	0	0	0	0	0	0	0	0	0.00106	0.00005	0.00346	0.97992	0.00045	0
2.268	0	0	0	0	0	0	0	0	0	0	0	0	0	0	0	0	0	0	0	0.00109	0.00005	0.00352	0.95256	0	0
2.27	0	0	0	0	0	0	0	0	0	0	0	0	0	0	0	0	0	0	0	0.0011	0.00005	0.00365	0.91737	0.00189	0
2.272	0	0	0	0	0	0	0	0	0	0	0	0	0	0	0	0	0	0	0	0.00111	0.00005	0.00365	0.87534	0.00733	0
2.274	0	0	0	0	0	0	0	0	0	0	0	0	0	0	0	0	0	0	0	0.0011	0.00005	0.00361	0.83022	0.01728	0
2.276	0	0	0	0	0	0	0	0	0	0	0	0	0	0	0	0	0	0	0	0.0011	0.00005	0.0036	0.78181	0.0326	0
2.278	0	0	0	0	0	0	0	0	0	0	0	0	0	0	0	0	0	0	0	0.0011	0.00005	0.00365	0.73111	0.05407	0
2.28	0	0	0	0	0	0	0	0	0	0	0	0	0	0	0	0	0	0	0	0.0011	0.00005	0.0036	0.67816	0.0821	0
2.282	0	0	0	0	0	0	0	0	0	0	0	0	0	0	0	0	0	0	0	0.0011	0.00005	0.00353	0.6232	0.11675	0
2.284	0	0	0	0	0	0	0	0	0	0	0	0	0	0	0	0	0	0	0	0.0011	0.00005	0.00344	0.56548	0.15763	0
2.286	0	0	0	0	0	0	0	0	0	0	0	0	0	0	0	0	0	0	0	0.0011	0.00005	0.00351	0.50626	0.20382	0
2.288	0	0	0	0	0	0	0	0	0	0	0	0	0	0	0	0	0	0	0	0.0011	0.00005	0.00354	0.44564	0.25395	0
2.29	0	0	0	0	0	0	0	0	0	0	0	0	0	0	0	0	0	0	0	0.0011	0.00005	0.00356	0.38412	0.30655	0
2.292	0	0	0	0	0	0	0	0	0	0	0	0	0	0	0	0	0	0	0	0.0011	0.00005	0.00359	0.32225	0.36049	0.00004
2.294	0	0	0	0	0	0	0	0	0	0	0	0	0	0	0	0	0	0	0	0	0.00005	0.0036	0.26207	0.41516	0.00007
2.296	0	0	0	0	0	0	0	0	0	0	0	0	0	0	0	0	0	0	0	0	0.00005	0.0036	0.20452	0.47021	0.00015
2.298	0	0	0	0	0	0	0	0	0	0	0	0	0	0	0	0	0	0	0	0	0.00005	0.00377	0.15153	0.52551	0.00027
2.3	0	0	0	0	0	0	0	0	0	0	0	0	0	0	0	0	0	0	0	0	0.00005	0.0035	0.10487	0.58124	0.0004
2.302	0	0	0	0	0	0	0	0	0	0	0	0	0	0	0	0	0	0	0	0	0	0.00348	0.06637	0.63735	0.00052
2.304	0	0	0	0	0	0	0	0	0	0	0	0	0	0	0	0	0	0	0	0	0	0.00327	0.03731	0.6932	0.00055
2.306	0	0	0	0	0	0	0	0	0	0	0	0	0	0	0	0	0	0	0	0	0	0.00295	0.01755	0.74774	0.00062
2.308	0	0	0	0	0	0	0	0	0	0	0	0	0	0	0	0	0	0	0	0	0	0.00259	0.00606	0.79979	0.00065
2.31	0	0	0	0	0	0	0	0	0	0	0	0	0	0	0	0	0	0	0	0	0	0.00226	0.00115	0.84787	0.00077
2.312	0	0	0	0	0	0	0	0	0	0	0	0	0	0	0	0	0	0	0	0	0	0.00203	0.00021	0.89019	0.00089
2.314	0	0	0	0	0	0	0	0	0	0	0	0	0	0	0	0	0	0	0	0	0	0.00202	0.0008	0.92542	0.00101
2.316	0	0	0	0	0	0	0	0	0	0	0	0	0	0	0	0	0	0	0	0	0	0.00174	0.00126	0.9529	0.00107
2.318	0	0	0	0	0	0	0	0	0	0	0	0	0	0	0	0	0	0	0	0	0	0.00189	0.0015	0.97246	0.00115
2.32	0	0	0	0	0	0	0	0	0	0	0	0	0	0	0	0	0	0	0	0	0	0.0019	0.00137	0.98437	0.00122
2.322	0	0	0	0	0	0	0	0	0	0	0	0	0	0	0	0	0	0	0	0	0	0.00191	0.00128	0.98963	0.00121
2.324	0	0	0	0	0	0	0	0	0	0	0	0	0	0	0	0	0	0	0	0	0	0.00194	0.00123	0.99009	0.00145
2.326	0	0	0	0	0	0	0	0	0	0	0	0	0	0	0	0	0	0	0	0	0	0.00178	0.00129	0.98783	0.0018
2.328	0	0	0	0	0	0	0	0	0	0	0	0	0	0	0	0	0	0	0	0	0	0.00193	0.00123	0.98481	0.0023
2.33	0	0	0	0	0	0	0	0	0	0	0	0	0	0	0	0	0	0	0	0	0	0.00222	0.00126	0.98316	0.00269
2.332	0	0	0	0	0	0	0	0	0	0	0	0	0	0	0	0	0	0	0	0	0	0.00273	0.00137	0.98411	0.00315
2.334	0	0	0	0	0	0	0	0	0	0	0	0	0	0	0	0	0	0	0	0	0	0.0036	0.00158	0.98771	0.00404
2.336	0	0	0	0	0	0	0	0	0	0	0	0	0	0	0	0	0	0	0	0	0	0.00406	0.00178	0.99281	0.0048
2.338	0	0	0	0	0	0	0	0	0	0	0	0	0	0	0	0	0	0	0	0	0	0.00412	0.0018	0.9976	0.00476
2.34	0	0	0	0	0	0	0	0	0	0	0	0	0	0	0	0	0	0	0	0	0	0.00379	0.00167	1	0.00395
2.342	0	0	0	0	0	0	0	0	0	0	0	0	0	0	0	0	0	0	0	0	0	0.00306	0.0014	0.99787	0.00334
2.344	0	0	0	0	0	0	0	0	0	0	0	0	0	0	0	0	0	0	0	0	0	0.0025	0.00104	0.98956	0.00624
2.346	0	0	0	0	0	0	0	0	0	0	0	0	0	0	0	0	0	0	0	0	0	0.00207	0.00078	0.97453	0.01513
2.348	0	0	0	0	0	0	0	0	0	0	0	0	0	0	0	0	0	0	0	0	0	0.00181	0.00065	0.95256	0.03327
2.35	0	0	0	0	0	0	0	0	0	0	0	0	0	0	0	0	0	0	0	0	0	0.00205	0.00075	0.92373	0.06233
2.352	0	0	0	0	0	0	0	0	0	0	0	0	0	0	0	0	0	0	0	0	0	0.00197	0.00073	0.88836	0.10107
2.354	0	0	0	0	0	0	0	0	0	0	0	0	0	0	0	0	0	0	0	0	0	0.00186	0.00073	0.84727	0.14702
2.356	0	0	0	0	0	0	0	0	0	0	0	0	0	0	0	0	0	0	0	0	0	0.00174	0.00065	0.8015	0.19699
2.358	0	0	0	0	0	0	0	0	0	0	0	0	0	0	0	0	0	0	0	0	0	0.00163	0.00051	0.752	0.24907
2.36	0	0	0	0	0	0	0	0	0	0	0	0	0	0	0	0	0	0	0	0	0	0.00156	0.00036	0.69979	0.30374
2.362	0	0	0	0	0	0	0	0	0	0	0	0	0	0	0	0	0	0	0	0	0	0.00155	0.00023	0.64586	0.36033
2.364	0	0	0	0	0	0	0	0	0	0	0	0	0	0	0	0	0	0	0	0	0	0.00144	0.00014	0.59044	0.41588
2.366	0	0	0	0	0	0	0	0	0	0	0	0	0	0	0	0	0	0	0	0	0	0.00149	0.00013	0.53352	0.46896
2.368	0	0	0	0	0	0	0	0	0	0	0	0	0	0	0	0	0	0	0	0	0	0.0015	0.00002	0.47504	0.5216
2.37	0	0	0	0	0	0	0	0	0	0	0	0	0	0	0	0	0	0	0	0	0	0.00151	0.00009	0.4153	0.575
2.372	0	0	0	0	0	0	0	0	0	0	0	0	0	0	0	0	0	0	0	0	0	0.00154	0.00009	0.35508	0.63034
2.374	0	0	0	0	0	0	0	0	0	0	0	0	0	0	0	0	0	0	0	0	0	0.00156	0.00009	0.29567	0.68959
2.376	0	0	0	0	0	0	0	0	0	0	0	0	0	0	0	0	0	0	0	0	0	0.00159	0.00009	0.23874	0.75317
2.378	0	0	0	0	0	0	0	0	0	0	0	0	0	0	0	0	0	0	0	0	0	0.0016	0.00009	0.18615	0.81556
2.38	0	0	0	0	0	0	0	0	0	0	0	0	0	0	0	0	0	0	0	0	0	0.00161	0.00009	0.13929	0.87215
2.382	0	0	0	0	0	0	0	0	0	0	0	0	0	0	0	0	0	0	0	0	0	0.00161	0.00009	0.09931	0.91827
2.384	0	0	0	0	0	0	0	0	0	0	0	0	0	0	0	0	0	0	0	0	0	0.0016	0.00009	0.06676	0.95488
2.386	0	0	0	0	0	0	0	0	0	0	0	0	0	0	0	0	0	0	0	0	0	0.00161	0.00009	0.04164	0.98171
2.388	0	0	0	0	0	0	0	0	0	0	0	0	0	0	0	0	0	0	0	0	0	0.00162	0.00009	0.02346	0.99654
2.39	0	0	0	0	0	0	0	0	0	0	0	0	0	0	0	0	0	0	0	0	0	0.00165	0.00009	0.01141	1
2.392	0	0	0	0	0	0	0	0	0	0	0	0	0	0	0	0	0	0	0	0	0	0.00167	0.00009	0.00449	0.99553
2.394	0	0	0	0	0	0	0	0	0	0	0	0	0	0	0	0	0	0	0	0	0	0	0.00009	0.00154	0.98409
2.396	0	0	0	0	0	0	0	0	0	0	0	0	0	0	0	0	0	0	0	0	0	0	0.00009	0.00136	0.97208
2.398	0	0	0	0	0	0	0	0	0	0	0	0	0	0	0	0	0	0	0	0	0	0	0.00009	0.0027	0.9597
2.4	0	0	0	0	0	0	0	0	0	0	0	0	0	0	0	0	0	0	0	0	0	0	0.00009	0.00451	0.95175
2.402	0	0	0	0	0	0	0	0	0	0	0	0	0	0	0	0	0	0	0	0	0	0	0	0.00609	0.95002
2.404	0	0	0	0	0	0	0	0	0	0	0	0	0	0	0	0	0	0	0	0	0	0	0	0.00711	0.9492
2.406	0	0	0	0	0	0	0	0	0	0	0	0	0	0	0	0	0	0	0	0	0	0	0	0.00753	0.94994
2.408	0	0	0	0	0	0	0	0	0	0	0	0	0	0	0	0	0	0	0	0	0	0	0	0.00757	0.9518
2.41	0	0	0	0	0	0	0	0	0	0	0	0	0	0	0	0	0	0	0	0	0	0	0	0.00748	0.95383
2.412	0	0	0	0	0	0	0	0	0	0	0	0	0	0	0	0	0	0	0	0	0	0	0	0.00741	0.94568
2.414	0	0	0	0	0	0	0	0	0	0	0	0	0	0	0	0	0	0	0	0	0	0	0	0.00744	0.9311
2.416	0	0	0	0	0	0	0	0	0	0	0	0	0	0	0	0	0	0	0	0	0	0	0	0.00752	0.90738
2.418	0	0	0	0	0	0	0	0	0	0	0	0	0	0	0	0	0	0	0	0	0	0	0	0.00765	0.87395
2.42	0	0	0	0	0	0	0	0	0	0	0	0	0	0	0	0	0	0	0	0	0	0	0	0.00784	0.83068
2.422	0	0	0	0	0	0	0	0	0	0	0	0	0	0	0	0	0	0	0	0	0	0	0	0.00805	0.78406
2.424	0	0	0	0	0	0	0	0	0	0	0	0	0	0	0	0	0	0	0	0	0	0	0	0.00826	0.73498
2.426	0	0	0	0	0	0	0	0	0	0	0	0	0	0	0	0	0	0	0	0	0	0	0	0.00845	0.6858
2.428	0	0	0	0	0	0	0	0	0	0	0	0	0	0	0	0	0	0	0	0	0	0	0	0.0086	0.6313
2.43	0	0	0	0	0	0	0	0	0	0	0	0	0	0	0	0	0	0	0	0	0	0	0	0.00872	0.58109
2.432	0	0	0	0	0	0	0	0	0	0	0	0	0	0	0	0	0	0	0	0	0	0	0	0.00878	0.53136
2.434	0	0	0	0	0	0	0	0	0	0	0	0	0	0	0	0	0	0	0	0	0	0	0	0.00881	0.48003
2.436	0	0	0	0	0	0	0	0	0	0	0	0	0	0	0	0	0	0	0	0	0	0	0	0.00882	0.42673
2.438	0	0	0	0	0	0	0	0	0	0	0	0	0	0	0	0	0	0	0	0	0	0	0	0.00877	0.37303
2.44	0	0	0	0	0	0	0	0	0	0	0	0	0	0	0	0	0	0	0	0	0	0	0	0.00873	0.31749
2.442	0	0	0	0	0	0	0	0	0	0	0	0	0	0	0	0	0	0	0	0	0	0	0	0.0087	0.26286
2.444	0	0	0	0	0	0	0	0	0	0	0	0	0	0	0	0	0	0	0	0	0	0	0	0.00869	0.21016
2.446	0	0	0	0	0	0	0	0	0	0	0	0	0	0	0	0	0	0	0	0	0	0	0	0.00868	0.16309
2.448	0	0	0	0	0	0	0	0	0	0	0	0	0	0	0	0	0	0	0	0	0	0	0	0.00866	0.12278
2.45	0	0	0	0	0	0	0	0	0	0	0	0	0	0	0	0	0	0	0	0	0	0	0	0.00859	0.08765
2.452	0	0	0	0	0	0	0	0	0	0	0	0	0	0	0	0	0	0	0	0	0	0	0	0.00843	0.05852
2.454	0	0	0	0	0	0	0	0	0	0	0	0	0	0	0	0	0	0	0	0	0	0	0	0.00816	0.0363
2.456	0	0	0	0	0	0	0	0	0	0	0	0	0	0	0	0	0	0	0	0	0	0	0	0.00783	0.01973
2.458	0	0	0	0	0	0	0	0	0	0	0	0	0	0	0	0	0	0	0	0	0	0	0	0.00745	0.00954
2.46	0	0	0	0	0	0	0	0	0	0	0	0	0	0	0	0	0	0	0	0	0	0	0	0.00705	0.00363
2.462	0	0	0	0	0	0	0	0	0	0	0	0	0	0	0	0	0	0	0	0	0	0	0	0.00667	0.00178
2.464	0	0	0	0	0	0	0	0	0	0	0	0	0	0	0	0	0	0	0	0	0	0	0	0.00633	0.00159
2.466	0	0	0	0	0	0	0	0	0	0	0	0	0	0	0	0	0	0	0	0	0	0	0	0.00601	0.00164
2.468	0	0	0	0	0	0	0	0	0	0	0	0	0	0	0	0	0	0	0	0	0	0	0	0.00574	0.00161
2.47	0	0	0	0	0	0	0	0	0	0	0	0	0	0	0	0	0	0	0	0	0	0	0	0.00294	0.00172
2.472	0	0	0	0	0	0	0	0	0	0	0	0	0	0	0	0	0	0	0	0	0	0	0	0.00294	0.00169
2.474	0	0	0	0	0	0	0	0	0	0	0	0	0	0	0	0	0	0	0	0	0	0	0	0.00294	0.00188
2.476	0	0	0	0	0	0	0	0	0	0	0	0	0	0	0	0	0	0	0	0	0	0	0	0.00294	0.00191
2.478	0	0	0	0	0	0	0	0	0	0	0	0	0	0	0	0	0	0	0	0	0	0	0	0.00294	0.00163
2.48	0	0	0	0	0	0	0	0	0	0	0	0	0	0	0	0	0	0	0	0	0	0	0	0.00294	0.00142
2.482	0	0	0	0	0	0	0	0	0	0	0	0	0	0	0	0	0	0	0	0	0	0	0	0.00294	0.00109
2.484	0	0	0	0	0	0	0	0	0	0	0	0	0	0	0	0	0	0	0	0	0	0	0	0.00294	0.00073
2.486	0	0	0	0	0	0	0	0	0	0	0	0	0	0	0	0	0	0	0	0	0	0	0	0	0.00041
2.488	0	0	0	0	0	0	0	0	0	0	0	0	0	0	0	0	0	0	0	0	0	0	0	0	0.00019
2.49	0	0	0	0	0	0	0	0	0	0	0	0	0	0	0	0	0	0	0	0	0	0	0	0	0.00017
2.492	0	0	0	0	0	0	0	0	0	0	0	0	0	0	0	0	0	0	0	0	0	0	0	0	0.00014
2.494	0	0	0	0	0	0	0	0	0	0	0	0	0	0	0	0	0	0	0	0	0	0	0	0	0
